tree
version=v4
num_class=1
num_tree_per_iteration=1
label_index=0
max_feature_idx=6
objective=binary sigmoid:1
feature_names=Column_0 Column_1 Column_2 Column_3 Column_4 Column_5 Column_6
feature_infos=-1:4:2:13:3:1:0:8:6:11:14:5:12:10:7 [3.1780538558959961:9.1905460357666016] [0:4.1743874549865723] [0:2.6390573978424072] [0:10.525633811950684] [0:10.529047012329102] [0:2.1972246170043945]
tree_sizes=871 881 883 885 883 884 880 886 878 878 906 876 885 875 908 900 905 877 906 905 908 873 903 898 903 903 897 907 889 894 905 875 909 900 882 900 895 875 894 903 901 910 888 916 901 914 914 910 886 912 899 911 885 900 881 906 885 907 899 904 903 901 902 900 904 903 906 897 906 914 902 912 911 901 904 904 898 893 900 905 902 903 902 909 907 910 911 899 902 902 897 892 904 913 912 902 917 912 915 894

Tree=0
num_leaves=7
num_cat=0
split_feature=5 5 4 1 5 2
split_gain=2268.38 234.566 173.69 84.5465 67.4167 62.1082
threshold=6.3538701534271249 1.0000000180025095e-35 6.6246752738952646 4.1510088443756112 6.2052791118621835 2.9174053668975835
decision_type=2 2 2 2 2 2
left_child=1 5 -2 -4 -3 -1
right_child=2 4 3 -5 -6 -7
leaf_value=-0.7660475922235801 -0.75661763538676363 -0.84932770404355418 -0.81311254106158071 -0.69367243705684978 -0.80046780340086254 -0.83269025806531372
leaf_weight=76.239510297775269 173.62106966972351 746.59195518493652 8.7557981014251691 198.82068371772766 46.768775224685669 23.918277740478516
leaf_count=357 813 3496 41 931 219 112
internal_value=-0.804344 -0.839186 -0.723639 -0.698849 -0.846437 -0.782882
internal_weight=1274.72 893.519 381.198 207.576 793.361 100.158
internal_count=5969 4184 1785 972 3715 469
is_linear=0
shrinkage=1


Tree=1
num_leaves=7
num_cat=0
split_feature=5 5 4 1 5 2
split_gain=2062.09 221.178 147.063 73.3097 64.3019 57.4455
threshold=6.3538701534271249 1.0000000180025095e-35 6.6246752738952646 4.1510088443756112 6.2052791118621835 2.9174053668975835
decision_type=2 2 2 2 2 2
left_child=1 5 -2 -4 -3 -1
right_child=2 4 3 -5 -6 -7
leaf_value=0.036425225373616858 0.045113669248936679 -0.043977911719754917 -0.0086003799610982964 0.10235393002504935 0.0037392571885685386 -0.027728126328414576
leaf_weight=77.3381217867136 176.72733709216118 733.56349551677704 8.7263913601636869 206.85265420377254 46.837896332144737 23.656768083572388
leaf_count=357 813 3496 41 931 219 112
internal_value=3.28057e-06 -0.0339294 0.0753945 0.0977156 -0.0411052 0.0204659
internal_weight=1273.7 881.396 392.306 215.579 780.401 100.995
internal_count=5969 4184 1785 972 3715 469
is_linear=0
shrinkage=0.04


Tree=2
num_leaves=7
num_cat=0
split_feature=5 5 4 1 5 2
split_gain=1881.78 208.642 129.082 67.3682 61.376 53.2033
threshold=6.3538701534271249 1.0000000180025095e-35 6.5221145153045663 4.1510088443756112 6.2052791118621835 2.9174053668975835
decision_type=2 2 2 2 2 2
left_child=1 5 -2 -4 -3 -1
right_child=2 4 3 -5 -6 -7
leaf_value=0.034684221537948118 0.038722188098841953 -0.043013633391881897 -0.0087333465434242894 0.092635661751043166 0.0036070426522703631 -0.027127263784136973
leaf_weight=78.351532727479935 152.60742604732513 720.4543936252594 9.5807675123214704 239.59411163628101 46.904380649328232 23.39604115486145
leaf_count=357 691 3496 45 1049 219 112
internal_value=7.4249e-06 -0.0330542 0.0707731 0.0885876 -0.0401562 0.0195298
internal_weight=1270.89 869.106 401.782 249.175 767.359 101.748
internal_count=5969 4184 1785 1094 3715 469
is_linear=0
shrinkage=0.04


Tree=3
num_leaves=7
num_cat=0
split_feature=5 5 4 1 5 3
split_gain=1722.43 196.888 115.327 59.5196 58.6211 50.1536
threshold=6.3538701534271249 1.0000000180025095e-35 6.7879784107208261 4.1510088443756112 6.2052791118621835 1.0000000180025095e-35
decision_type=2 2 2 2 2 2
left_child=1 5 -2 -4 -3 -1
right_child=2 4 3 -5 -6 -7
leaf_value=0.0044623132438962269 0.041971968824747442 -0.042086652522130105 -0.0082688708911643483 0.091634529871233175 0.0034796454282328493 0.071504351018775683
leaf_weight=87.589027673006058 197.8295982927084 707.31367039680481 8.6677147299051267 203.34371343255043 46.968339130282402 14.83345317840576
leaf_count=402 879 3496 41 865 219 67
internal_value=1.01872e-05 -0.0322129 0.0666943 0.087398 -0.0392425 0.0186487
internal_weight=1266.55 856.704 409.841 212.011 754.282 102.422
internal_count=5969 4184 1785 906 3715 469
is_linear=0
shrinkage=0.04


Tree=4
num_leaves=7
num_cat=0
split_feature=5 5 4 4 1 2
split_gain=1580.45 187.186 103.18 57.1955 55.5496 48.5083
threshold=6.3538701534271249 1.0000000180025095e-35 6.5221145153045663 6.390864610671998 4.0163424015045175 2.9174053668975835
decision_type=2 2 2 2 2 2
left_child=1 5 -2 -3 -4 -1
right_child=2 3 4 -5 -6 -7
leaf_value=0.032298920035229196 0.034741036243721546 -0.040672961963019914 -0.021053273763482622 0.012184066350531573 0.081434432408700616 -0.026678161651907423
leaf_weight=79.709763020277023 156.64343477785587 710.28974479436874 5.7146058678627005 30.925057038664818 254.19645412266254 23.196438774466515
leaf_count=357 691 3567 27 148 1067 112
internal_value=3.38358e-05 -0.0313806 0.0630849 -0.0383611 0.0786197 0.0180393
internal_weight=1260.68 844.121 416.554 741.215 259.911 102.906
internal_count=5969 4184 1785 3715 1094 469
is_linear=0
shrinkage=0.04


Tree=5
num_leaves=7
num_cat=0
split_feature=5 5 4 5 1 3
split_gain=1453.34 176.695 95.0676 56.1652 51.0911 46.3101
threshold=6.3538701534271249 1.0000000180025095e-35 6.7879784107208261 6.1383605003356942 4.7405652999877939 1.0000000180025095e-35
decision_type=2 2 2 2 2 2
left_child=1 5 -2 -3 -4 -1
right_child=2 3 4 -5 -6 -7
leaf_value=0.0036416946345351597 0.037672770532947895 -0.04089754124888198 0.021300116795097076 -0.0013690412526306695 0.085702275022223232 0.06741751662755395
leaf_weight=88.163606062531471 202.86559297144413 664.72960397601128 28.91047540307045 63.507202506065369 190.40826764702797 15.310941576957701
leaf_count=402 879 3410 124 305 782 67
internal_value=3.56683e-05 -0.0305928 0.0598212 -0.0375027 0.0782612 0.0172395
internal_weight=1253.9 831.711 422.184 728.237 219.319 103.475
internal_count=5969 4184 1785 3715 906 469
is_linear=0
shrinkage=0.04


Tree=6
num_leaves=7
num_cat=0
split_feature=5 5 4 5 1 2
split_gain=1340.01 168.066 86.968 53.8384 47.0518 44.3387
threshold=6.3538701534271249 1.0000000180025095e-35 6.7879784107208261 6.1383605003356942 4.0163424015045175 2.9174053668975835
decision_type=2 2 2 2 2 2
left_child=1 5 -2 -3 -4 -1
right_child=2 3 4 -5 -6 -7
leaf_value=0.030150103006901824 0.035867677260121737 -0.040061789865102261 -0.019735290302022403 -0.0013210719414243313 0.077376242563526543 -0.026222732479354194
leaf_weight=80.8837601095438 204.91136011481285 651.88162691891193 5.2684884518384925 63.471945568919182 216.49428871273994 22.989296570420265
leaf_count=357 879 3410 25 305 881 112
internal_value=6.54556e-05 -0.0298144 0.0569284 -0.036677 0.0744623 0.0166906
internal_weight=1245.9 819.227 426.674 715.354 221.763 103.873
internal_count=5969 4184 1785 3715 906 469
is_linear=0
shrinkage=0.04


Tree=7
num_leaves=7
num_cat=0
split_feature=5 5 4 4 1 3
split_gain=1237.25 158.734 80.6903 52.8994 45.3368 42.9328
threshold=6.3538701534271249 1.0000000180025095e-35 6.5221145153045663 6.390864610671998 4.1510088443756112 1.0000000180025095e-35
decision_type=2 2 2 2 2 2
left_child=1 5 -2 -3 -4 -1
right_child=2 3 4 -5 -6 -7
leaf_value=0.002905187342967519 0.029684055351117108 -0.038218012289294986 -0.0097853679196463171 0.012656782893249882 0.070862046117130595 0.063802931273701277
leaf_weight=88.641484037041664 161.47481228411198 671.85656763613224 9.7441429793834669 30.721860572695732 259.05479280650616 15.705162703990935
leaf_count=402 691 3567 45 148 1049 67
internal_value=6.55829e-05 -0.0290818 0.0542609 -0.0358759 0.0677402 0.0159615
internal_weight=1237.2 806.925 430.274 702.578 268.799 104.347
internal_count=5969 4184 1785 3715 1094 469
is_linear=0
shrinkage=0.04


Tree=8
num_leaves=7
num_cat=0
split_feature=5 5 4 5 1 2
split_gain=1143.34 150.988 75.8931 51.2804 43.7425 40.617
threshold=6.3538701534271249 1.0000000180025095e-35 6.7879784107208261 6.1383605003356942 4.7578821182250985 2.9174053668975835
decision_type=2 2 2 2 2 2
left_child=1 5 -2 -3 -4 -1
right_child=2 3 4 -5 -6 -7
leaf_value=0.028204936942114012 0.03244039743056553 -0.038501387846667165 0.01771290358656457 -0.00055790315547670085 0.074979344268669618 -0.02576286608049844
leaf_weight=81.891991659998894 208.48077127337456 627.07863800227642 30.412838831543922 62.868609413504601 194.09192276000977 22.775684043765068
leaf_count=357 879 3410 128 305 778 112
internal_value=8.69426e-05 -0.0283429 0.051829 -0.03509 0.0680981 0.0154661
internal_weight=1227.6 794.615 432.986 689.947 224.505 104.668
internal_count=5969 4184 1785 3715 906 469
is_linear=0
shrinkage=0.04


Tree=9
num_leaves=7
num_cat=0
split_feature=5 5 4 4 3 1
split_gain=1059.52 143.274 71.12 52.4363 44.0658 40.1535
threshold=6.3538701534271249 4.4626123905181894 6.7879784107208261 6.390864610671998 1.0000000180025095e-35 4.7578821182250985
decision_type=2 2 2 2 2 2
left_child=1 4 -2 -3 -1 -4
right_child=2 3 5 -5 -6 -7
leaf_value=0.00049951873139324231 0.030977658652391386 -0.037372406780868277 0.017113135863631005 0.013602436495232651 0.060587171823554969 0.071954821246254352
leaf_weight=105.09410943090916 209.9389476776123 631.27060298621655 30.498176008462906 30.144532471895218 16.022454395890236 194.4864476621151
leaf_count=491 879 3481 128 145 67 778
internal_value=9.76468e-05 -0.0276526 0.0496247 -0.0349144 0.0117099 0.0653635
internal_weight=1217.46 782.532 434.924 661.415 121.117 224.985
internal_count=5969 4184 1785 3626 558 906
is_linear=0
shrinkage=0.04


Tree=10
num_leaves=7
num_cat=1
split_feature=5 5 0 4 5 3
split_gain=982.207 136.463 68.5172 51.3417 50.6843 41.3561
threshold=6.3538701534271249 4.4626123905181894 0 6.5221145153045663 6.1383605003356942 1.0000000180025095e-35
decision_type=2 2 9 2 2 2
left_child=1 5 3 -2 -3 -1
right_child=2 4 -4 -5 -6 -7
leaf_value=0.00048087169004144213 0.030628646126111599 -0.037760603268238477 0.0049877867056164361 0.065876896958554088 0.00014356384367604467 0.058508504740404303
leaf_weight=105.11285910010338 120.36516058444977 586.91411282122135 69.213114380836487 246.59204667806625 62.294132053852081 16.20830599963665
leaf_count=491 504 3321 291 990 305 67
internal_value=0.000127559 -0.0269527 0.0475907 0.053781 -0.0341661 0.0113731
internal_weight=1206.7 770.529 436.17 366.957 649.208 121.321
internal_count=5969 4184 1785 1494 3626 558
cat_boundaries=0 1
cat_threshold=10516
is_linear=0
shrinkage=0.04


Tree=11
num_leaves=7
num_cat=0
split_feature=5 5 4 4 2 1
split_gain=911.484 130.007 64.3988 49.2727 39.7791 39.0764
threshold=6.3538701534271249 4.4626123905181894 6.7879784107208261 6.390864610671998 2.9174053668975835 7.6204600334167489
decision_type=2 2 2 2 2 2
left_child=1 4 -2 -3 5 -1
right_child=2 3 -4 -5 -6 -7
leaf_value=0.037262609016697382 0.028214220817305225 -0.035919240188230311 0.060711411963692542 0.013476571433476581 -0.019935987448221119 -0.02675954166964873
leaf_weight=70.208233833312988 212.35637632012367 607.0314601957798 224.40853624045849 30.162459045648575 38.444423079490662 12.840534210205076
leaf_count=302 879 3481 906 145 200 56
internal_value=0.000149997 -0.0262774 0.0457029 -0.0334429 0.011048 0.0258824
internal_weight=1195.45 758.687 436.765 637.194 121.493 83.0488
internal_count=5969 4184 1785 3626 558 358
is_linear=0
shrinkage=0.04


Tree=12
num_leaves=7
num_cat=0
split_feature=5 5 4 3 1 4
split_gain=848.281 132.576 76.8772 37.947 37.7527 22.9413
threshold=6.2789757251739511 4.4626123905181894 6.5221145153045663 1.0000000180025095e-35 4.0163424015045175 1.0000000180025095e-35
decision_type=2 2 2 2 2 2
left_child=1 3 5 -1 -4 -2
right_child=2 -3 4 -5 -6 -7
leaf_value=0.00012661070871562594 0.04795846625268619 -0.034596917588687263 -0.022120342470855765 0.05546887463941267 0.057765743774556476 0.013386910866484664
leaf_weight=105.24051287770271 34.159129470586777 598.28866264224052 5.8819648772478095 16.434872999787331 266.47676216065884 157.69890758395195
leaf_count=491 142 3497 27 67 1076 669
internal_value=0.000152961 -0.0269327 0.0419053 0.0105626 0.0554585 0.0212155
internal_weight=1184.18 719.964 464.217 121.675 272.359 191.858
internal_count=5969 4055 1914 558 1103 811
is_linear=0
shrinkage=0.04


Tree=13
num_leaves=7
num_cat=0
split_feature=5 5 4 1 2 1
split_gain=788.482 126.438 72.3409 36.7961 36.2477 35.9365
threshold=6.2789757251739511 4.4626123905181894 6.6246752738952646 4.6681339740753183 2.9174053668975835 7.6204600334167489
decision_type=2 2 2 2 2 2
left_child=1 4 -2 -4 5 -1
right_child=2 -3 3 -5 -6 -7
leaf_value=0.035131277099965601 0.02264569318710849 -0.033892912079560078 0.0099807746458686793 0.061030800332571522 -0.019463074547102083 -0.026231713375265708
leaf_weight=70.953813463449478 222.92137622833252 586.69027192890644 29.059594243764877 212.03867025673389 38.09239250421524 12.740426778793333
leaf_count=302 933 3497 121 860 200 56
internal_value=0.000173826 -0.0262719 0.0403127 0.0553959 0.0102676 0.0243166
internal_weight=1172.5 708.477 464.02 241.098 121.787 83.6942
internal_count=5969 4055 1914 981 558 358
is_linear=0
shrinkage=0.04


Tree=14
num_leaves=7
num_cat=1
split_feature=5 5 0 4 3 4
split_gain=734.277 110.675 62.9293 46.4179 34.9409 34.0925
threshold=6.3538701534271249 4.4626123905181894 0 6.0618464946746835 1.0000000180025095e-35 6.4177474975585946
decision_type=2 2 9 2 2 2
left_child=1 4 5 -3 -1 -2
right_child=2 3 -4 -5 -6 -7
leaf_value=-0.00019138261271443784 0.017527231438966732 -0.035224982031697681 0.018496753380576925 0.00021220187000821236 0.052755007301127838 0.06233151472105565
leaf_weight=105.30006849765778 39.964002251625061 536.61308102309704 188.25164015591145 66.238208889961243 16.58536297082901 207.67078647017479
leaf_count=491 164 3268 773 358 67 848
internal_value=0.000176133 -0.0244193 0.0407734 -0.0313795 0.00981879 0.0537722
internal_weight=1160.62 724.737 435.886 602.851 121.885 247.635
internal_count=5969 4184 1785 3626 558 1012
cat_boundaries=0 1
cat_threshold=2324
is_linear=0
shrinkage=0.04


Tree=15
num_leaves=7
num_cat=1
split_feature=5 4 4 3 1 0
split_gain=686.805 123.879 77.7968 37.7692 34.0137 20.6383
threshold=6.2052791118621835 4.5239160060882577 6.5221145153045663 1.0000000180025095e-35 4.0163424015045175 0
decision_type=2 2 2 2 2 9
left_child=1 3 5 -1 -4 -2
right_child=2 -3 4 -5 -6 -7
leaf_value=-0.00010823034872935674 -0.010100329201467225 -0.0338657918956232 -0.022248256440010664 0.055442166310105956 0.052661531687832788 0.021713741334029053
leaf_weight=103.98521806299686 32.040184766054153 548.27711622416973 5.8989569991827002 16.118078947067261 263.37763623893261 178.79796870052814
leaf_count=517 144 3383 27 65 1081 752
internal_value=0.00020407 -0.0258933 0.0363639 0.0103435 0.0504259 0.0172173
internal_weight=1148.5 668.38 480.115 120.103 269.277 210.838
internal_count=5969 3965 2004 582 1108 896
cat_boundaries=0 1
cat_threshold=24
is_linear=0
shrinkage=0.04


Tree=16
num_leaves=7
num_cat=1
split_feature=5 4 4 3 1 0
split_gain=639.066 118.218 73.4304 35.7056 32.4377 19.2586
threshold=6.2052791118621835 4.5239160060882577 6.5221145153045663 1.0000000180025095e-35 4.1510088443756112 0
decision_type=2 2 2 2 2 9
left_child=1 3 5 -1 -4 -2
right_child=2 -3 4 -5 -6 -7
leaf_value=-0.00010421418262353229 -0.0098600789200446372 -0.033197500715755453 -0.012812802850192975 0.053872961858852327 0.051530369729083113 0.020845425579827544
leaf_weight=103.98091341555119 31.948501691222191 537.32634706795216 10.169712066650389 16.156216740608215 257.22320319712162 179.53036022186279
leaf_count=517 144 3383 45 65 1063 752
internal_value=0.000214603 -0.0252663 0.0350387 0.010065 0.0487821 0.0165169
internal_weight=1136.34 657.463 478.872 120.137 267.393 211.479
internal_count=5969 3965 2004 582 1108 896
cat_boundaries=0 1
cat_threshold=24
is_linear=0
shrinkage=0.04


Tree=17
num_leaves=7
num_cat=0
split_feature=5 5 4 1 2 1
split_gain=595.055 113.48 69.5422 30.7859 29.277 32.2776
threshold=6.2052791118621835 4.4626123905181894 6.5221145153045663 4.0163424015045175 2.9174053668975835 7.6204600334167489
decision_type=2 2 2 2 2 2
left_child=1 4 -2 -4 5 -1
right_child=2 -3 3 -5 -6 -7
leaf_value=0.032364410457048833 0.015849170910959429 -0.032596063362018868 -0.021772667043054379 0.049415672972540903 -0.017567295475072693 -0.025708073901726577
leaf_weight=71.573553428053856 212.05658136308193 525.84000599384308 5.824960082769393 259.37328307330608 36.71395269036293 12.637010693550108
leaf_count=302 896 3407 27 1081 200 56
internal_value=0.000227352 -0.0246528 0.0337949 0.0472603 0.00976781 0.0221755
internal_weight=1124.02 646.765 477.255 265.198 120.925 84.2106
internal_count=5969 3965 2004 1108 558 358
is_linear=0
shrinkage=0.04


Tree=18
num_leaves=7
num_cat=1
split_feature=5 5 0 4 4 3
split_gain=554.731 93.8401 59.9235 42.2705 28.5923 27.8661
threshold=6.3538701534271249 4.4626123905181894 0 6.0618464946746835 6.4177474975585946 1.0000000180025095e-35
decision_type=2 2 9 2 2 2
left_child=1 5 4 -3 -2 -1
right_child=2 3 -4 -5 -6 -7
leaf_value=0.00027934574163361012 0.015463830673463422 -0.032828700778261909 0.014699865285177409 0.0013686457674595674 0.056252589048715045 0.047577798526938865
leaf_weight=104.2666554749012 40.295284986495972 496.80587331950665 188.65800204873085 64.608752369880676 200.43146616220474 16.667521774768829
leaf_count=491 164 3268 773 358 848 67
internal_value=0.000215879 -0.022116 0.0354596 -0.0289293 0.0482039 0.00934576
internal_weight=1111.73 682.349 429.385 561.415 240.727 120.934
internal_count=5969 4184 1785 3626 1012 558
cat_boundaries=0 1
cat_threshold=2324
is_linear=0
shrinkage=0.04


Tree=19
num_leaves=7
num_cat=1
split_feature=5 4 4 3 1 0
split_gain=519.65 104.672 63.3475 30.8394 30.1011 20.4042
threshold=6.2052791118621835 4.5239160060882577 6.7639365196228036 1.0000000180025095e-35 4.6681339740753183 0
decision_type=2 2 2 2 2 9
left_child=1 3 5 -1 -4 -2
right_child=2 -3 4 -5 -6 -7
leaf_value=0.00013535273252073278 -0.0098842611549404078 -0.031369015795234594 0.0063485495331537167 0.050380491825624991 0.052489843454105345 0.020899970315658826
leaf_weight=103.03447386622429 33.379834949970245 507.18144822120667 28.182205006480217 16.133191034197807 192.45321841537952 218.99195198714733
leaf_count=517 150 3383 118 65 830 906
internal_value=0.000240999 -0.0235357 0.0315936 0.00967912 0.0470245 0.0170728
internal_weight=1099.36 626.349 473.007 119.168 220.635 252.372
internal_count=5969 3965 2004 582 948 1056
cat_boundaries=0 1
cat_threshold=24
is_linear=0
shrinkage=0.04


Tree=20
num_leaves=7
num_cat=1
split_feature=5 4 5 1 0 3
split_gain=484.613 99.8038 60.8193 40.8602 33.2098 29.2745
threshold=6.2052791118621835 4.5239160060882577 6.9075775146484384 4.6200466156005868 0 1.0000000180025095e-35
decision_type=2 2 2 2 9 2
left_child=1 5 4 -4 -2 -1
right_child=2 -3 3 -5 -6 -7
leaf_value=0.00013032384008885862 -0.0087410518961107391 -0.030741852180951722 -4.4761575324863847e-05 0.053927736544305716 0.023909514390966446 0.049116938745643636
leaf_weight=103.03975589573383 57.68404532968998 497.1944891512394 25.628113925457001 171.81418862938881 215.56170234084129 16.092856094241142
leaf_count=517 252 3383 107 746 899 65
internal_value=0.000260709 -0.0229572 0.0305382 0.0471931 0.0175035 0.00942196
internal_weight=1087.02 616.327 470.688 197.442 273.246 119.133
internal_count=5969 3965 2004 853 1151 582
cat_boundaries=0 1
cat_threshold=4122
is_linear=0
shrinkage=0.04


Tree=21
num_leaves=7
num_cat=0
split_feature=5 5 4 1 2 1
split_gain=451.956 96.5224 59.7575 27.4131 23.6716 29.1741
threshold=6.2052791118621835 4.4626123905181894 6.7639365196228036 4.7578821182250985 2.9174053668975835 7.6204600334167489
decision_type=2 2 2 2 2 2
left_child=1 4 -2 -4 5 -1
right_child=2 -3 3 -5 -6 -7
leaf_value=0.029944102694445387 0.015589026060678385 -0.030210498805032009 0.0089344875364386189 0.05070388643509581 -0.01583207642517933 -0.025217120427997234
leaf_weight=71.862475082278252 253.27401751279831 486.70800912380219 33.438479736447334 181.74562771618366 35.433617502450943 12.53639507293701
leaf_count=302 1056 3407 140 808 200 56
internal_value=0.000281257 -0.0223899 0.029518 0.0447661 0.00927696 0.0202767
internal_weight=1075 606.54 468.458 215.184 119.832 84.3989
internal_count=5969 3965 2004 948 558 358
is_linear=0
shrinkage=0.04


Tree=22
num_leaves=7
num_cat=1
split_feature=5 5 0 4 4 3
split_gain=422.773 79.2774 54.7218 38.5489 26.071 22.5109
threshold=6.3538701534271249 4.4626123905181894 0 6.0618464946746835 6.4177474975585946 1.0000000180025095e-35
decision_type=2 2 9 2 2 2
left_child=1 5 4 -3 -2 -1
right_child=2 3 -4 -5 -6 -7
leaf_value=0.00065469157419652594 0.013098842654863961 -0.030598455124045226 0.011977282337770179 0.0024186198432219704 0.051556947586828494 0.0433684717040509
leaf_weight=103.29438838362694 40.582044079899788 460.59441287815571 188.60494968295097 63.071712657809258 190.24343034625053 16.480604916810989
leaf_count=491 164 3268 773 358 848 67
internal_value=0.00028009 -0.0200046 0.0311905 -0.0266452 0.0436338 0.00887928
internal_weight=1062.87 643.441 419.43 523.666 230.825 119.775
internal_count=5969 4184 1785 3626 1012 558
cat_boundaries=0 1
cat_threshold=2324
is_linear=0
shrinkage=0.04


Tree=23
num_leaves=7
num_cat=1
split_feature=5 4 5 1 0 1
split_gain=395.74 88.0789 55.2262 37.693 30.1891 25.6606
threshold=6.2052791118621835 4.5239160060882577 6.9075775146484384 4.1510088443756112 0 7.5611214637756357
decision_type=2 2 2 2 9 2
left_child=1 -1 4 -4 -2 -6
right_child=2 -3 3 -5 5 -7
leaf_value=0.0090470840248202521 -0.0092763112017480893 -0.029018195893248683 -0.015861794458591788 0.048510307755492733 0.02646198875607763 -0.019851047194102883
leaf_weight=118.05561357736588 57.53553494811058 469.87541395425797 12.094992533326147 178.22330133616924 199.66579723358154 15.331737652420996
leaf_count=582 252 3383 52 801 832 67
internal_value=0.000302007 -0.0213559 0.0277081 0.0439445 0.0154399 0.0215972
internal_weight=1050.78 587.931 462.851 190.318 272.533 214.998
internal_count=5969 3965 2004 853 1151 899
cat_boundaries=0 1
cat_threshold=4122
is_linear=0
shrinkage=0.04


Tree=24
num_leaves=7
num_cat=1
split_feature=5 5 4 1 3 0
split_gain=368.83 84.4177 54.3145 25.1243 21.1306 16.3247
threshold=6.2052791118621835 4.4626123905181894 6.7639365196228036 4.7578821182250985 1.0000000180025095e-35 0
decision_type=2 2 2 2 2 9
left_child=1 4 5 -4 -1 -2
right_child=2 -3 3 -5 -6 -7
leaf_value=0.00070350470604039702 -0.0098965521320454851 -0.028504768139179071 0.0076921143243438789 0.047641666384415859 0.042169272231888856 0.017165098039308897
leaf_weight=103.03422939777374 33.204748049378395 459.8384063988924 33.258549481630325 173.09104485809803 16.383845001459122 220.54946412146091
leaf_count=491 150 3407 140 808 67 906
internal_value=0.000289829 -0.0208244 0.0267736 0.0417302 0.00868293 0.0137074
internal_weight=1039.36 579.256 460.104 206.35 119.418 253.754
internal_count=5969 3965 2004 948 558 1056
cat_boundaries=0 1
cat_threshold=24
is_linear=0
shrinkage=0.04


Tree=25
num_leaves=7
num_cat=1
split_feature=5 4 4 1 3 0
split_gain=344.235 80.8896 52.3983 25.0202 24.2746 21.7713
threshold=6.2052791118621835 4.5239160060882577 6.7879784107208261 4.7578821182250985 1.0000000180025095e-35 0
decision_type=2 2 2 2 2 9
left_child=1 4 5 -4 -1 -2
right_child=2 -3 3 -5 -6 -7
leaf_value=0.00025635499172430227 -0.012204452722976494 -0.027883496659546307 0.0063563333360063022 0.047344076633366983 0.045152559322816248 0.017731687441469461
leaf_weight=101.9904677271843 35.813050389289856 452.57947281002998 30.826347500085831 163.61350484192371 15.783778041601179 226.89410324394703
leaf_count=517 161 3383 130 781 65 932
internal_value=0.00030597 -0.0202998 0.0259215 0.0413539 0.00876249 0.0136148
internal_weight=1027.5 570.354 457.147 194.44 117.774 262.707
internal_count=5969 3965 2004 911 582 1093
cat_boundaries=0 1
cat_threshold=4120
is_linear=0
shrinkage=0.04


Tree=26
num_leaves=7
num_cat=2
split_feature=5 5 0 4 4 0
split_gain=321.563 67.2058 51.5577 35.0569 23.2974 22.4703
threshold=6.3538701534271249 4.4626123905181894 0 6.0618464946746835 6.4177474975585946 1
decision_type=2 2 9 2 2 9
left_child=1 -1 4 5 -2 -3
right_child=2 3 -4 -5 -6 -7
leaf_value=0.0085214828260984504 0.011523508769624817 -0.011691191285272818 0.0094685399088010585 0.0033433784022334958 0.047760129700621178 -0.034957089720718808
leaf_weight=118.79443369805813 40.677982836961746 145.39322763681412 188.00581303238869 61.628759577870369 178.78739672899246 282.55088829994202
leaf_count=558 164 1106 773 358 848 2162
internal_value=0.000321468 -0.0180142 0.027517 -0.0244866 0.0399297 -0.0284822
internal_weight=1015.84 608.367 407.471 489.573 219.465 427.944
internal_count=5969 4184 1785 3626 1012 3268
cat_boundaries=0 1 2
cat_threshold=2324 1066
is_linear=0
shrinkage=0.04


Tree=27
num_leaves=7
num_cat=1
split_feature=5 4 5 1 0 3
split_gain=301.833 74.6592 49.3857 34.6818 25.4218 22.9119
threshold=6.2052791118621835 4.5239160060882577 6.9075775146484384 4.6200466156005868 0 1.0000000180025095e-35
decision_type=2 2 2 2 9 2
left_child=1 5 4 -4 -2 -1
right_child=2 -3 3 -5 -6 -7
leaf_value=0.00026883927120209045 -0.0094892710216362072 -0.02684082017254728 -0.0022684876537911068 0.047092015733810499 0.018671597205037711 0.044002868929658601
leaf_weight=101.7205603569746 57.050635799765587 437.03976011276245 25.657524317502975 154.44592256844044 213.57482534646988 15.644946604967116
leaf_count=517 252 3383 107 746 899 65
internal_value=0.000305943 -0.0193371 0.0243831 0.0402627 0.0129625 0.00853459
internal_weight=1005.13 554.405 450.729 180.103 270.625 117.366
internal_count=5969 3965 2004 853 1151 582
cat_boundaries=0 1
cat_threshold=4122
is_linear=0
shrinkage=0.04


Tree=28
num_leaves=7
num_cat=2
split_feature=5 5 4 1 0 0
split_gain=281.617 71.6332 47.8756 22.8427 19.6602 18.9116
threshold=6.2052791118621835 4.4626123905181894 6.7879784107208261 4.0163424015045175 0 1
decision_type=2 2 2 2 9 9
left_child=1 -1 5 -4 -3 -2
right_child=2 4 3 -5 -6 -7
leaf_value=0.0082509705318065049 -0.011893868385301314 -0.011757295405597428 -0.020602373231381463 0.041419811580350387 -0.03300856623438235 0.015889506520466581
leaf_weight=118.51518768072128 35.572871342301369 161.92904976010323 5.4052469134330741 179.90870396792889 265.78449343144894 226.91731764376163
leaf_count=558 161 1266 25 886 2141 932
internal_value=0.00032181 -0.018835 0.0236097 0.038833 -0.026354 0.0120316
internal_weight=994.033 546.229 447.804 185.314 427.714 262.49
internal_count=5969 3965 2004 911 3407 1093
cat_boundaries=0 1 2
cat_threshold=5418 4120
is_linear=0
shrinkage=0.04


Tree=29
num_leaves=7
num_cat=2
split_feature=5 5 0 4 0 4
split_gain=263.197 58.3471 48.7373 32.3349 22.5735 22.3408
threshold=6.3538701534271249 4.4626123905181894 0 6.0618464946746835 1 6.4456400871276864
decision_type=2 2 9 2 9 2
left_child=1 -1 5 4 -3 -2
right_child=2 3 -4 -5 -6 -7
leaf_value=0.0079247545705489891 0.011221381599030826 -0.010342338298762211 0.0079102550875679682 0.0037856384538700705 -0.033639816908584898 0.04569047102099804
leaf_weight=118.78177551925182 43.960763454437256 140.71614922583103 187.30168430507183 60.850738003849983 265.29297366738319 166.79603537917137
leaf_count=558 177 1106 773 358 2162 835
internal_value=0.000289918 -0.0166869 0.0251037 -0.0229768 -0.0269835 0.0374616
internal_weight=983.7 585.642 398.058 466.86 406.009 210.757
internal_count=5969 4184 1785 3626 3268 1012
cat_boundaries=0 1 2
cat_threshold=2324 1066
is_linear=0
shrinkage=0.04


Tree=30
num_leaves=7
num_cat=1
split_feature=5 4 5 1 3 0
split_gain=247.393 68.6016 47.5772 32.552 21.5503 20.913
threshold=6.1383605003356942 4.5239160060882577 6.9075775146484384 4.6200466156005868 1.0000000180025095e-35 0
decision_type=2 2 2 2 2 9
left_child=1 4 5 -4 -1 -2
right_child=2 -3 3 -5 -6 -7
leaf_value=0.0001865750423342007 -0.0081456679311398515 -0.026084430744696879 -0.0030469420637455791 0.044747043820127258 0.042773119669511729 0.016378814889917596
leaf_weight=100.61006236076355 63.976932674646378 404.20106530189514 25.594325169920921 146.63454519212246 15.46214374899864 217.02176214754581
leaf_count=513 305 3301 107 746 65 932
internal_value=0.000275581 -0.0184151 0.0216785 0.0378246 0.00825175 0.0110091
internal_weight=973.501 520.273 453.228 172.229 116.072 280.999
internal_count=5969 3879 2090 853 578 1237
cat_boundaries=0 1
cat_threshold=4122
is_linear=0
shrinkage=0.04


Tree=31
num_leaves=7
num_cat=0
split_feature=5 4 4 1 1 5
split_gain=230.832 65.2603 45.8639 21.9725 21.0939 20.0978
threshold=6.1383605003356942 4.5239160060882577 6.6246752738952646 5.4004201889038095 7.5093350410461435 4.506035804748536
decision_type=2 2 2 2 2 2
left_child=1 4 -2 -4 5 -1
right_child=2 -3 3 -5 -6 -7
leaf_value=0.024189717875056922 0.0094692633654457938 -0.025530918760998698 0.012268455365641237 0.043895579729636723 -0.027059103012195315 -0.014552553872221192
leaf_weight=77.874419748783112 257.47966560721397 396.77110600471497 57.054515540599823 135.71581123769283 15.488486811518667 22.577159151434898
leaf_count=341 1108 3301 253 729 75 162
internal_value=0.000291516 -0.0179321 0.020994 0.0353967 0.00804199 0.015051
internal_weight=962.961 512.711 450.25 192.77 115.94 100.452
internal_count=5969 3879 2090 982 578 503
is_linear=0
shrinkage=0.04


Tree=32
num_leaves=7
num_cat=2
split_feature=5 0 0 3 1 5
split_gain=216.722 65.1731 45.7418 25.1186 17.3384 16.7489
threshold=6.4446172714233407 0 1 1.0000000180025095e-35 7.6204600334167489 1.0000000180025095e-35
decision_type=2 9 9 2 2 2
left_child=1 3 4 -1 -2 -3
right_child=2 5 -4 -5 -6 -7
leaf_value=-0.0036829974363889596 0.042205551538746382 -0.0048717675827117234 0.0060867618046789923 0.036724787071839883 -0.00080426492690097412 -0.031161319409610557
leaf_weight=281.09154139459133 179.71192406117916 49.249678283929825 149.77900895476341 18.905306696891785 15.977029860019682 258.07589134573936
leaf_count=1931 919 224 624 80 68 2123
internal_value=0.000288947 -0.0140525 0.0252482 -0.000240983 0.0369846 -0.0263434
internal_weight=952.79 607.322 345.468 299.997 195.689 307.326
internal_count=5969 4358 1611 2011 987 2347
cat_boundaries=0 1 2
cat_threshold=10506 2324
is_linear=0
shrinkage=0.04


Tree=33
num_leaves=7
num_cat=1
split_feature=5 5 5 1 0 1
split_gain=203.797 60.2453 43.0498 30.6342 18.7672 19.1205
threshold=6.1383605003356942 4.4626123905181894 6.9075775146484384 4.1510088443756112 0 7.5611214637756357
decision_type=2 2 2 2 9 2
left_child=1 -1 4 -4 -2 -6
right_child=2 -3 3 -5 5 -7
leaf_value=0.0075039275360022509 -0.008239927101708169 -0.02469757339843337 -0.016813851388700174 0.040448423505228065 0.019123053395828187 -0.019368759331756368
leaf_weight=117.9360046684742 63.676318898797035 381.72191315889359 12.160117730498312 152.36063557863235 199.23090539872646 16.507008150219917
leaf_count=558 305 3321 52 801 857 75
internal_value=0.000296771 -0.0170985 0.0198316 0.0356326 0.00979496 0.0149236
internal_weight=943.593 499.658 443.935 164.521 279.414 215.738
internal_count=5969 3879 2090 853 1237 932
cat_boundaries=0 1
cat_threshold=4122
is_linear=0
shrinkage=0.04


Tree=34
num_leaves=7
num_cat=3
split_feature=5 4 0 1 0 0
split_gain=189.94 58.1127 42.9305 29.9394 20.038 15.0019
threshold=6.1383605003356942 4.5239160060882577 0 7.5611214637756357 1 2
decision_type=2 2 9 2 9 9
left_child=1 4 3 -2 -1 -3
right_child=2 5 -4 -5 -6 -7
leaf_value=0.018683275090490014 0.042897606448901351 -0.030636212879777962 0.0079205782390186635 -0.0041283036457243714 -0.011613320515868879 -0.010874971491580308
leaf_weight=71.698308527469635 141.5216616243124 225.07028721272945 275.52043153345585 23.776137590408325 43.399503499269485 152.84689274430275
leaf_count=363 739 2026 1242 109 215 1275
internal_value=0.00028231 -0.01665 0.0191788 0.0342772 0.00782147 -0.0241106
internal_weight=933.833 493.015 440.818 165.298 115.098 377.917
internal_count=5969 3879 2090 848 578 3301
cat_boundaries=0 1 2 3
cat_threshold=2308 8214 8277
is_linear=0
shrinkage=0.04


Tree=35
num_leaves=7
num_cat=2
split_feature=5 0 0 3 1 3
split_gain=177.769 60.5637 42.426 22.3684 15.4915 14.3373
threshold=6.4446172714233407 0 1 1.0000000180025095e-35 7.6204600334167489 1.0000000180025095e-35
decision_type=2 9 9 2 2 2
left_child=1 3 4 -1 -2 -3
right_child=2 5 -4 -5 -6 -7
leaf_value=-0.0026915190312979567 0.039899051736777456 -0.026944427019022818 0.0049818261578705872 0.035909492993319664 -0.00085833592124475637 0.020397086653537306
leaf_weight=269.46375052630901 171.46058666706085 295.93903957307339 149.17126131057739 18.298274368047714 15.911098033189772 5.0610714852809897
leaf_count=1882 919 2375 624 78 68 23
internal_value=0.000264763 -0.0129457 0.0231396 0.000646119 0.0347652 -0.0248372
internal_weight=925.305 588.762 336.543 287.762 187.372 301
internal_count=5969 4358 1611 1960 987 2398
cat_boundaries=0 1 2
cat_threshold=8458 2324
is_linear=0
shrinkage=0.04


Tree=36
num_leaves=7
num_cat=2
split_feature=5 6 5 1 0 0
split_gain=167.393 54.8697 39.8878 29.0491 19.8348 16.401
threshold=6.1383605003356942 1.7005987167358401 6.9075775146484384 4.6200466156005868 0 1
decision_type=2 2 2 2 9 9
left_child=1 4 5 -4 -1 -2
right_child=2 -3 3 -5 -6 -7
leaf_value=0.024674848819395773 -0.0082082080021354965 -0.023040087053092042 -0.0042864109451940134 0.040870107546495317 -0.0060158141179501778 0.013382463179289011
leaf_weight=43.366303130984306 63.440550826489925 372.39914805442095 25.515949919819832 132.08265559375286 66.024771109223366 213.96441738307476
leaf_count=202 305 3357 107 746 320 932
internal_value=0.000282876 -0.0158347 0.0180976 0.0337052 0.00859288 0.00853445
internal_weight=916.794 481.79 435.004 157.599 109.391 277.405
internal_count=5969 3879 2090 853 522 1237
cat_boundaries=0 1 2
cat_threshold=8206 4122
is_linear=0
shrinkage=0.04


Tree=37
num_leaves=7
num_cat=0
split_feature=5 4 4 1 1 5
split_gain=156.064 53.0531 39.0413 19.0389 18.8091 16.1985
threshold=6.1383605003356942 4.5239160060882577 6.7639365196228036 7.5093350410461435 4.0163424015045175 4.506035804748536
decision_type=2 2 2 2 2 2
left_child=1 3 -2 5 -4 -1
right_child=2 -3 4 -5 -6 -7
leaf_value=0.02264699824965866 0.0075318113632443307 -0.022784844011562725 -0.020529002541140918 -0.025767825306190401 0.034794395659848147 -0.012794775945415646
leaf_weight=77.756766632199287 263.93286085128784 361.2892090305686 5.3940581977367392 15.055764600634573 162.7473271638155 21.407903358340263
leaf_count=341 1142 3301 25 75 923 162
internal_value=0.000296862 -0.0153925 0.0175294 0.00795095 0.0321678 0.0146118
internal_weight=907.584 475.51 432.074 114.22 168.141 99.1647
internal_count=5969 3879 2090 578 948 503
is_linear=0
shrinkage=0.04


Tree=38
num_leaves=7
num_cat=2
split_feature=5 4 0 1 1 0
split_gain=145.648 49.8323 38.2808 27.7422 17.9583 15.5001
threshold=6.1383605003356942 4.5239160060882577 0 7.5611214637756357 7.5093350410461435 1
decision_type=2 2 9 2 2 9
left_child=1 4 3 -2 -1 -3
right_child=2 5 -4 -5 -6 -7
leaf_value=0.01404768366210174 0.040288974725559895 -0.029028898845857506 0.0065059024448874134 -0.0049528608220187941 -0.025264362145249433 -0.0091432912373400343
leaf_weight=99.222225479781628 132.99832805991173 208.83311702311039 272.63822779804468 23.696495324373245 14.904069632291792 146.38044818490744
leaf_count=503 739 2026 1242 109 75 1275
internal_value=0.000280616 -0.0150001 0.016954 0.0316191 0.00759515 -0.022267
internal_weight=898.673 469.34 429.333 156.695 114.126 355.214
internal_count=5969 3879 2090 848 578 3301
cat_boundaries=0 1 2
cat_threshold=2308 8277
is_linear=0
shrinkage=0.04


Tree=39
num_leaves=7
num_cat=2
split_feature=5 0 0 3 1 5
split_gain=136.924 55.2593 38.6521 19.0004 14.3509 13.1543
threshold=6.4446172714233407 0 1 1.0000000180025095e-35 7.6204600334167489 1.0000000180025095e-35
decision_type=2 9 9 2 2 2
left_child=1 3 4 -1 -2 -3
right_child=2 5 -4 -5 -6 -7
leaf_value=-0.0017370176300678282 0.037330793425408022 -0.0046445709826890705 0.0036727488187454829 0.034056716310560092 -0.0016952991758622995 -0.02800742365525968
leaf_weight=263.19802632927895 160.98117904365063 50.093844920396805 148.18524743616581 18.018547669053078 15.808635666966437 234.6271118298173
leaf_count=1882 919 232 624 78 68 2166
internal_value=0.000253689 -0.0115869 0.0206568 0.00138706 0.0321774 -0.0233389
internal_weight=890.913 565.938 324.975 281.217 176.79 284.721
internal_count=5969 4358 1611 1960 987 2398
cat_boundaries=0 1 2
cat_threshold=8458 2324
is_linear=0
shrinkage=0.04


Tree=40
num_leaves=7
num_cat=1
split_feature=5 5 5 1 0 2
split_gain=128.762 46.5378 36.2539 27.0181 16.5861 15.3547
threshold=6.1383605003356942 4.506035804748536 6.9075775146484384 4.6200466156005868 0 4.1190040111541757
decision_type=2 2 2 2 9 2
left_child=1 4 -2 -4 5 -1
right_child=2 -3 3 -5 -6 -7
leaf_value=0.028850931203506729 0.007021942326698811 -0.021789281453203021 -0.0048918268855606996 0.03874476891543624 -0.010070173632315178 -0.0087940831195756596
leaf_weight=53.348332472145557 274.97527343779802 337.8861543610692 25.431956723332405 123.31000544130802 48.243988558650017 19.839037351310253
leaf_count=239 1237 3277 107 746 238 125
internal_value=0.00026094 -0.0142913 0.0160083 0.0314149 0.00662938 0.0167253
internal_weight=883.035 459.318 423.717 148.742 121.431 73.1874
internal_count=5969 3879 2090 853 602 364
cat_boundaries=0 1
cat_threshold=8462
is_linear=0
shrinkage=0.04


Tree=41
num_leaves=7
num_cat=1
split_feature=4 0 2 1 4 2
split_gain=120.265 70.8616 33.7405 20.019 19.2978 19.1861
threshold=6.5427103042602548 0 3.5114340782165532 4.1510088443756112 6.0809032917022714 2.8617925643920903
decision_type=2 9 2 2 2 2
left_child=1 2 -1 -2 -4 -3
right_child=3 5 4 -5 -6 -7
leaf_value=0.025249846882258141 -0.015606595747061082 -0.0023982308705857778 -0.010011162765630575 0.030386485291261322 0.010235048368402933 -0.027985544970041479
leaf_weight=81.581621803343296 11.640289321541784 60.478911049664021 196.09131882339716 185.08462223410606 111.71022833883762 228.28504306077957
leaf_count=385 55 300 1539 1076 492 2122
internal_value=0.000258046 -0.00777213 0.0035445 0.0271615 -0.00259008 -0.0220912
internal_weight=874.872 678.147 389.383 196.725 307.802 288.764
internal_count=5969 4838 2416 1131 2031 2422
cat_boundaries=0 1
cat_threshold=10506
is_linear=0
shrinkage=0.04


Tree=42
num_leaves=7
num_cat=2
split_feature=5 5 0 4 0 2
split_gain=113.562 41.73 33.771 25.6245 16.2672 20.79
threshold=6.1383605003356942 4.506035804748536 0 6.1095988750457773 1 4.1510088443756112
decision_type=2 2 9 2 9 2
left_child=1 4 3 -2 5 -1
right_child=2 -3 -4 -5 -6 -7
leaf_value=0.029206449160346887 0.00056871824056117164 -0.02088353276148432 0.0054250366385814545 0.039758851011018878 -0.011714558206315897 -0.011535384710270706
leaf_weight=55.733817264437675 34.469678536057472 327.70941643416882 269.58286479115486 114.02425757050514 41.442833781242371 24.028481855988503
leaf_count=245 151 3277 1242 697 204 153
internal_value=0.000252206 -0.0136025 0.0151049 0.0292845 0.00615789 0.0152613
internal_weight=866.991 448.915 418.077 148.494 121.205 79.7623
internal_count=5969 3879 2090 848 602 398
cat_boundaries=0 1 2
cat_threshold=2308 8222
is_linear=0
shrinkage=0.04


Tree=43
num_leaves=7
num_cat=1
split_feature=4 0 2 4 1 2
split_gain=106.655 71.4927 28.6239 18.7673 17.9812 17.9094
threshold=6.6246752738952646 0 3.5114340782165532 6.0809032917022714 5.9121499061584482 1.0000000180025095e-35
decision_type=2 9 2 2 2 2
left_child=1 2 -1 -4 -2 -3
right_child=4 5 3 -5 -6 -7
leaf_value=0.023298344932225358 0.010071108289631332 -0.0022891208401220721 -0.0092624986364827251 0.0099141495187556033 0.038358122758150308 -0.027269663664183739
leaf_weight=88.528120569884777 64.627841874957085 59.249477691948414 192.85699377954006 129.72112658619881 101.16016858816147 223.02074702829123
leaf_count=419 318 291 1539 573 695 2134
internal_value=0.000252221 -0.00670097 0.00408732 -0.00149753 0.0283024 -0.0214933
internal_weight=859.164 693.376 411.106 322.578 165.788 282.27
internal_count=5969 4956 2531 2112 1013 2425
cat_boundaries=0 1
cat_threshold=10506
is_linear=0
shrinkage=0.04


Tree=44
num_leaves=7
num_cat=1
split_feature=5 5 5 1 0 2
split_gain=100.363 37.3721 32.0859 25.1131 15.2906 18.6597
threshold=6.1383605003356942 4.506035804748536 6.9075775146484384 4.6200466156005868 0 4.1510088443756112
decision_type=2 2 2 2 9 2
left_child=1 4 -2 -4 5 -1
right_child=2 -3 3 -5 -6 -7
leaf_value=0.027755745878153288 0.0059291926267140693 -0.019996740178818872 -0.0054026782604355717 0.036788420383496535 -0.011560743256273705 -0.010985001969702052
leaf_weight=55.82690192759037 272.23452752828598 318.14296667277813 25.340173527598381 115.01411794126034 41.282187074422836 23.706978052854538
leaf_count=245 1237 3277 107 746 204 153
internal_value=0.0002595 -0.0129405 0.0142822 0.0292905 0.00572845 0.0145925
internal_weight=851.548 438.959 412.589 140.354 120.816 79.5339
internal_count=5969 3879 2090 853 602 398
cat_boundaries=0 1
cat_threshold=8222
is_linear=0
shrinkage=0.04


Tree=45
num_leaves=7
num_cat=1
split_feature=4 0 2 1 4 2
split_gain=95.3997 66.2792 25.3464 17.3504 16.35 16.349
threshold=6.6246752738952646 0 3.5114340782165532 5.9121499061584482 6.0809032917022714 1.0000000180025095e-35
decision_type=2 9 2 2 2 2
left_child=1 2 -1 -2 -4 -3
right_child=3 5 4 -5 -6 -7
leaf_value=0.022121616514263857 0.0094022482347810438 -0.0024497059959535769 -0.0085895702196515274 0.037371468384217114 0.0093705071064718766 -0.026459371890556149
leaf_weight=88.389587074518204 64.098283603787422 59.06655902415514 189.84309451282024 96.790702536702156 129.54851726442575 216.31518889218569
leaf_count=419 318 291 1539 695 573 2134
internal_value=0.000253907 -0.00633386 0.00404387 0.0272017 -0.00125381 -0.0207904
internal_weight=844.052 683.163 407.781 160.889 319.392 275.382
internal_count=5969 4956 2531 1013 2112 2425
cat_boundaries=0 1
cat_threshold=10506
is_linear=0
shrinkage=0.04


Tree=46
num_leaves=7
num_cat=1
split_feature=4 0 2 1 2 4
split_gain=89.6723 62.2535 23.4746 16.9488 15.6457 15.1741
threshold=6.6246752738952646 0 3.5114340782165532 5.9121499061584482 1.0000000180025095e-35 6.0809032917022714
decision_type=2 9 2 2 2 2
left_child=1 2 -1 -2 -3 -4
right_child=3 4 5 -5 -6 -7
leaf_value=0.021287851073551516 0.0090851410610083578 -0.0023645792548666281 -0.0083028452471620891 0.036819198230985554 -0.025894840189839449 0.009017253054497
leaf_weight=88.488641805946827 63.964147061109543 59.033965244889259 188.84008722007275 94.479797825217247 212.44348950684071 129.55200096219778
leaf_count=419 318 291 1539 695 2134 573
internal_value=0.000260672 -0.00612918 0.00390708 0.0265977 -0.0202671 -0.00120711
internal_weight=836.802 678.358 406.881 158.444 271.477 318.392
internal_count=5969 4956 2531 1013 2425 2112
cat_boundaries=0 1
cat_threshold=10506
is_linear=0
shrinkage=0.04


Tree=47
num_leaves=7
num_cat=1
split_feature=4 0 2 1 2 1
split_gain=84.2875 58.457 21.7457 16.5495 14.964 14.3845
threshold=6.6246752738952646 0 3.5114340782165532 5.9121499061584482 1.0000000180025095e-35 5.6987686157226571
decision_type=2 9 2 2 2 2
left_child=1 2 5 -2 -3 -1
right_child=3 4 -4 -5 -6 -7
leaf_value=0.029703690204038364 0.0087784330534451255 -0.0022823802216284318 -0.001162065588730266 0.036275672764700374 -0.025335945248778923 -0.0042422779560756917
leaf_weight=63.356541380286217 63.833230122923851 59.002403371036053 317.42389199137688 92.225302115082741 208.69785253703594 25.21371615678072
leaf_count=288 318 291 2112 695 2134 131
internal_value=0.000266953 -0.00593035 0.00377479 0.0260049 -0.0197521 0.0204892
internal_weight=829.753 673.694 405.994 156.059 267.7 88.5703
internal_count=5969 4956 2531 1013 2425 419
cat_boundaries=0 1
cat_threshold=10506
is_linear=0
shrinkage=0.04


Tree=48
num_leaves=7
num_cat=3
split_feature=5 5 0 1 0 0
split_gain=80.3306 30.4321 27.5932 22.9327 15.2434 14.1492
threshold=6.1383605003356942 4.506035804748536 0 7.5611214637756357 1 2
decision_type=2 2 9 2 9 9
left_child=1 5 3 -2 -3 -1
right_child=2 4 -4 -5 -6 -7
leaf_value=0.013633691940703428 0.03522103377978418 -0.0052492365110281746 0.0043391543875547743 -0.0062495931551449137 -0.025312204703745355 -0.011524198002938539
leaf_weight=78.89584194868803 113.24721968173981 123.56327128410339 265.03849935531616 23.242129899561405 178.47496300190687 41.022722415626049
leaf_count=398 739 1177 1242 109 2100 204
internal_value=0.000274081 -0.0118046 0.0129499 0.0263785 -0.0184374 0.00500989
internal_weight=823.485 421.957 401.528 136.489 302.038 119.919
internal_count=5969 3879 2090 848 3277 602
cat_boundaries=0 1 2 3
cat_threshold=2308 1322 8222
is_linear=0
shrinkage=0.04


Tree=49
num_leaves=7
num_cat=1
split_feature=4 0 2 1 2 4
split_gain=75.8989 52.7146 19.8977 15.7558 13.8503 13.3537
threshold=6.6246752738952646 0 3.5114340782165532 5.9121499061584482 1.0000000180025095e-35 6.0809032917022714
decision_type=2 9 2 2 2 2
left_child=1 2 -1 -2 -3 -4
right_child=3 4 5 -5 -6 -7
leaf_value=0.019577961375263447 0.0083358156199952634 -0.0021961426663478735 -0.0078759133736918934 0.03534905532514613 -0.024485370195391334 0.0084096977474129656
leaf_weight=88.084286376833916 63.633391708135605 58.760262623429298 187.17693689465523 88.329343765974045 202.08954057842493 129.29881082475185
leaf_count=419 318 291 1539 695 2134 573
internal_value=0.000254574 -0.00563127 0.00354643 0.02502 -0.0189734 -0.00117899
internal_weight=817.373 665.41 404.56 151.963 260.85 316.476
internal_count=5969 4956 2531 1013 2425 2112
cat_boundaries=0 1
cat_threshold=10506
is_linear=0
shrinkage=0.04


Tree=50
num_leaves=7
num_cat=1
split_feature=5 5 5 1 0 2
split_gain=71.3835 28.5083 26.0477 23.4307 13.3336 15.1627
threshold=6.110499620437623 4.506035804748536 6.9075775146484384 4.1510088443756112 0 4.1510088443756112
decision_type=2 2 2 2 9 2
left_child=1 4 -2 -4 5 -1
right_child=2 -3 3 -5 -6 -7
leaf_value=0.024887689568404068 0.0047946813613645705 -0.018213014876778361 -0.017791076500730026 0.031781225067644019 -0.011356661541014522 -0.010209462883232996
leaf_weight=55.679912425577641 276.49001757800579 285.7320975586772 12.204598248004912 116.63158993422985 40.860354289412498 23.23599686473608
leaf_count=245 1327 3187 52 801 204 153
internal_value=0.000260445 -0.0114925 0.0120136 0.0263197 0.00467603 0.0130623
internal_weight=810.835 405.508 405.326 128.836 119.776 78.9159
internal_count=5969 3789 2180 853 602 398
cat_boundaries=0 1
cat_threshold=8222
is_linear=0
shrinkage=0.04


Tree=51
num_leaves=7
num_cat=1
split_feature=4 0 2 1 1 3
split_gain=67.8601 48.8006 17.6007 15.3033 12.8003 12.6505
threshold=6.6246752738952646 0 3.5114340782165532 5.9121499061584482 5.6987686157226571 1.0000000180025095e-35
decision_type=2 9 2 2 2 2
left_child=1 2 4 -2 -1 -3
right_child=3 5 -4 -5 -6 -7
leaf_value=0.027362430231940058 0.0076759145019178899 -0.02052563246485475 -0.00097345219492799202 0.034469137400766431 -0.0045789396625238437 0.022812993102091061
leaf_weight=62.663217350840569 63.066944718360901 250.24443764984608 313.74799637496471 84.658733174204826 25.173117816448212 4.8853767886757842
leaf_count=288 318 2402 2112 695 131 23
internal_value=0.000247535 -0.00532298 0.00349969 0.0240125 0.0185902 -0.0183308
internal_weight=804.44 656.714 401.584 147.726 87.8363 255.13
internal_count=5969 4956 2531 1013 419 2425
cat_boundaries=0 1
cat_threshold=10506
is_linear=0
shrinkage=0.04


Tree=52
num_leaves=7
num_cat=0
split_feature=5 5 5 1 5 3
split_gain=64.0002 27.5953 24.2256 22.3711 13.4298 11.6537
threshold=6.0722453594207773 4.506035804748536 6.9075775146484384 4.6200466156005868 7.5004370212554941 1.0000000180025095e-35
decision_type=2 2 2 2 2 2
left_child=1 5 -2 4 -4 -1
right_child=2 -3 3 -5 -6 -7
leaf_value=-0.00097461030512907294 0.0044471362850798946 -0.018307168760679369 0.018147837314898271 0.033234502250568523 -0.027853545482701227 0.030998246591857903
leaf_weight=105.17419041693211 287.89253282546997 266.84150882065296 12.068340644240379 99.849837690591812 13.13289187848568 13.955136716365812
leaf_count=535 1456 3058 51 746 56 67
internal_value=0.000265804 -0.0113239 0.0111079 0.0252528 -0.00675966 0.00448575
internal_weight=798.914 385.971 412.944 125.051 25.2012 119.129
internal_count=5969 3660 2309 853 107 602
is_linear=0
shrinkage=0.04


Tree=53
num_leaves=7
num_cat=2
split_feature=4 0 2 1 2 0
split_gain=60.5108 44.8461 15.8818 14.7179 12.3671 15.308
threshold=6.6246752738952646 0 3.5114340782165532 5.9121499061584482 1.0000000180025095e-35 1
decision_type=2 9 2 2 2 9
left_child=1 2 -1 -2 5 -3
right_child=3 4 -4 -5 -6 -7
leaf_value=0.017828714156867664 0.0071230200076941152 0.014018109310672343 -0.00080619699727363186 0.03359518509663232 -0.02302590547418942 -0.018345355401773001
leaf_weight=87.338275492191315 62.546046659350395 31.666819773614407 312.07840000838041 81.060980305075645 191.74133061617613 26.406586490571499
leaf_count=419 318 147 2112 695 2134 144
internal_value=0.00027295 -0.00498444 0.00345389 0.0230499 -0.0176153 -0.00179224
internal_weight=792.838 649.231 399.417 143.607 249.815 58.0734
internal_count=5969 4956 2531 1013 2425 291
cat_boundaries=0 1 2
cat_threshold=10506 20
is_linear=0
shrinkage=0.04


Tree=54
num_leaves=7
num_cat=0
split_feature=5 5 5 1 3 4
split_gain=57.2057 24.9629 21.855 21.2422 11.0991 10.4563
threshold=6.0722453594207773 4.506035804748536 6.9075775146484384 4.1510088443756112 1.0000000180025095e-35 6.0540230274200448
decision_type=2 2 2 2 2 2
left_child=1 4 -2 -4 -1 -3
right_child=2 5 3 -5 -6 -7
leaf_value=-0.0010847556450020953 0.0042776357281785965 -0.019838086400636883 -0.017501198822828374 0.029764694730304814 0.0302549068640641 0.0078472266063538392
leaf_weight=105.00687815248966 287.11067821830511 240.6397533044219 12.151858150959013 109.19569966197014 13.718320593237875 19.739507980644703
leaf_count=535 1456 2869 52 801 67 189
internal_value=0.000273556 -0.010799 0.0105605 0.0242418 0.0042178 -0.0175679
internal_weight=787.563 379.104 408.458 121.348 118.725 260.379
internal_count=5969 3660 2309 853 602 3058
is_linear=0
shrinkage=0.04


Tree=55
num_leaves=7
num_cat=1
split_feature=4 0 2 1 1 5
split_gain=54.0876 38.4113 14.4311 14.5994 12.9747 12.2498
threshold=6.7639365196228036 0 3.3497501611709599 5.6987686157226571 4.0163424015045175 5.8497936725616464
decision_type=2 9 2 2 2 2
left_child=1 2 3 -1 -2 -3
right_child=4 5 -4 -5 -6 -7
leaf_value=0.026990106872864499 -0.018528907921142718 -0.022858536664229493 -0.0007197502561457484 -0.0071516433269914106 0.025752649958043061 -0.0035665567572486078
leaf_weight=59.364861272275448 5.9030308574438086 167.82251419872046 317.94608898460865 24.49467821419239 126.30111053586006 79.987531736493111
leaf_count=271 29 1861 2155 125 946 582
internal_value=0.000277707 -0.00453405 0.00321862 0.0172633 0.022831 -0.0163006
internal_weight=781.82 649.616 401.806 83.8595 132.204 247.81
internal_count=5969 4994 2551 396 975 2443
cat_boundaries=0 1
cat_threshold=10506
is_linear=0
shrinkage=0.04


Tree=56
num_leaves=7
num_cat=3
split_feature=4 0 0 2 2 0
split_gain=50.566 39.1658 14.6205 12.9434 12.4983 14.1937
threshold=6.6246752738952646 0 1 3.5114340782165532 1.0000000180025095e-35 2
decision_type=2 9 9 2 2 9
left_child=1 4 -2 -3 5 -1
right_child=2 3 -4 -5 -6 -7
leaf_value=0.014037924414071368 0.02945305603412559 0.016223821691321284 0.00075486090291635084 -0.00060373703458380438 -0.022364530230323202 -0.017267422487712916
leaf_weight=31.528287246823311 86.93131173402071 87.145680412650108 51.009593389928341 313.85403218120337 180.86841755360365 25.6026591360569
leaf_count=147 698 421 315 2154 2092 142
internal_value=0.000268004 -0.00453211 0.0215337 0.00322032 -0.016725 -0.000884851
internal_weight=776.94 638.999 137.941 401 237.999 57.1309
internal_count=5969 4956 1013 2575 2381 289
cat_boundaries=0 1 2 3
cat_threshold=21589 8452 20
is_linear=0
shrinkage=0.04


Tree=57
num_leaves=7
num_cat=1
split_feature=5 5 0 4 2 3
split_gain=48.3209 22.167 20.2419 23.7428 13.9984 10.3318
threshold=6.0722453594207773 4.506035804748536 0 6.1095988750457773 3.5114340782165532 1.0000000180025095e-35
decision_type=2 2 9 2 2 2
left_child=1 5 3 4 -2 -1
right_child=2 -3 -4 -5 -6 -7
leaf_value=-0.0010149392743032373 0.021413793047811765 -0.016580118542814704 0.0028899370789636368 0.033810305249114873 -0.020290443524484347 0.029420445561140776
leaf_weight=104.48462747782469 14.340767368674276 251.98829156160355 275.56980331987143 89.854954242706299 22.622813187539577 13.403726190328596
leaf_count=535 64 3058 1419 705 121 67
internal_value=0.000280494 -0.0100432 0.00978087 0.0218588 -0.00317924 0.00409523
internal_weight=772.265 369.877 402.388 126.819 36.9636 117.888
internal_count=5969 3660 2309 890 185 602
cat_boundaries=0 1
cat_threshold=2308
is_linear=0
shrinkage=0.04


Tree=58
num_leaves=7
num_cat=2
split_feature=4 0 2 0 3 1
split_gain=45.6744 33.6469 15.5493 12.1778 11.1253 13.8967
threshold=6.7639365196228036 0 2.8617925643920903 1 1.0000000180025095e-35 4.0859410762786874
decision_type=2 9 2 9 2 2
left_child=1 4 -3 -2 5 -1
right_child=3 2 -4 -5 -6 -7
leaf_value=-0.024731303885463757 -0.0051563908360548263 0.0012916583591109853 -0.025485695652071278 0.025818777440155784 0.023218372256403722 0.0020374505177200766
leaf_weight=25.528971239924431 24.467819392681122 45.040356911718845 132.92556699365377 102.7374512180686 27.885205537080765 408.2370623126626
leaf_count=185 113 220 1642 862 126 2821
internal_value=0.000293332 -0.0041244 -0.017978 0.0214364 0.00177638 4.26634e-05
internal_weight=766.822 639.617 177.966 127.205 461.651 433.766
internal_count=5969 4994 1862 975 3132 3006
cat_boundaries=0 1 2
cat_threshold=10539 2
is_linear=0
shrinkage=0.04


Tree=59
num_leaves=7
num_cat=1
split_feature=5 0 1 4 5 2
split_gain=43.6234 30.446 19.7895 16.9593 10.7065 10.0971
threshold=6.9075775146484384 0 4.7405652999877939 6.6246752738952646 7.5004370212554941 2.8617925643920903
decision_type=2 9 2 2 2 2
left_child=1 -1 4 5 -2 -3
right_child=2 3 -4 -5 -6 -7
leaf_value=0.0018142445763604466 0.014917393365591525 -0.0028571269922732542 0.031498138451960478 0.019018872177919345 -0.023768127488861757 -0.026252235990395417
leaf_weight=465.73641519993544 15.747102424502373 40.245513990521431 83.947647742927074 12.461210414767264 14.465133681893349 129.90571610629559
leaf_count=3179 70 200 719 77 64 1660
internal_value=0.000292091 -0.00379587 0.022237 -0.0167937 -0.00470293 -0.0210954
internal_weight=762.509 648.349 114.16 182.612 30.2122 170.151
internal_count=5969 5116 853 1937 134 1860
cat_boundaries=0 1
cat_threshold=10507
is_linear=0
shrinkage=0.04


Tree=60
num_leaves=7
num_cat=1
split_feature=5 0 1 4 5 2
split_gain=40.9696 28.5673 18.9412 16.1544 10.1648 9.71514
threshold=6.9075775146484384 0 4.7405652999877939 6.6246752738952646 7.5004370212554941 2.8617925643920903
decision_type=2 9 2 2 2 2
left_child=1 -1 4 5 -2 -3
right_child=2 3 -4 -5 -6 -7
leaf_value=0.0017435062779409963 0.014549871047202385 -0.0027635943137250198 0.03093073632722684 0.018641988848437589 -0.023167290211915558 -0.02575828725829684
leaf_weight=465.97249159216881 15.70206780731678 40.214698925614357 82.249500826001167 12.368244022130964 14.454360604286194 127.30746146291494
leaf_count=3179 70 200 719 77 64 1660
internal_value=0.000288565 -0.00366288 0.0217277 -0.0163668 -0.00459542 -0.0206158
internal_weight=758.269 645.863 112.406 179.89 30.1564 167.522
internal_count=5969 5116 853 1937 134 1860
cat_boundaries=0 1
cat_threshold=10507
is_linear=0
shrinkage=0.04


Tree=61
num_leaves=7
num_cat=2
split_feature=5 3 0 4 0 4
split_gain=38.973 19.9922 18.1354 21.7979 15.1173 16.3532
threshold=6.0722453594207773 1.0000000180025095e-35 0 6.1095988750457773 1 6.0540230274200448
decision_type=2 2 9 2 9 2
left_child=1 4 3 -2 -1 -6
right_child=2 -3 -4 -5 5 -7
leaf_value=-0.0019982603049870655 -0.0032781218450070588 0.028841725946322706 0.0024254157943074547 0.032509974995921689 -0.023069698073777518 0.020553581352448998
leaf_weight=174.6917787194252 36.610473267734051 13.564726524055002 272.78417124599218 84.771681688725948 162.85459169745445 8.8765754997730237
leaf_count=1484 185 71 1419 705 2012 93
internal_value=0.000285067 -0.00912469 0.00888945 0.0205892 -0.0112288 -0.0189462
internal_weight=754.154 359.988 394.166 121.382 346.423 171.731
internal_count=5969 3660 2309 890 3589 2105
cat_boundaries=0 1 2
cat_threshold=2308 8490
is_linear=0
shrinkage=0.04


Tree=62
num_leaves=7
num_cat=1
split_feature=5 0 1 4 2 5
split_gain=36.9696 25.4284 17.9054 14.735 9.66486 9.64479
threshold=6.9075775146484384 0 4.7405652999877939 6.6246752738952646 2.8617925643920903 7.5004370212554941
decision_type=2 9 2 2 2 2
left_child=1 -1 5 4 -3 -2
right_child=2 3 -4 -5 -6 -7
leaf_value=0.0016213854921955785 0.014127038814975524 -0.002083241811069387 0.030113365835028719 0.017948740776079254 -0.025009567257838455 -0.022645391848508556
leaf_weight=464.78410447388887 15.646542266011238 39.919662192463875 79.51947258412838 12.172964595258234 123.14482960104942 14.442492514848709
leaf_count=3179 70 200 719 77 1660 64
internal_value=0.000298955 -0.00344872 0.0209283 -0.0156161 -0.0197569 -0.00457253
internal_weight=749.63 640.022 109.609 175.237 163.064 30.089
internal_count=5969 5116 853 1937 1860 134
cat_boundaries=0 1
cat_threshold=10507
is_linear=0
shrinkage=0.04


Tree=63
num_leaves=7
num_cat=2
split_feature=4 0 0 4 1 5
split_gain=34.8458 24.9797 12.3262 11.8791 15.5139 10.3738
threshold=6.7639365196228036 0 1 4.5239160060882577 5.7509727478027353 5.8497936725616464
decision_type=2 9 9 2 2 2
left_child=1 5 -2 4 -3 -1
right_child=2 3 -4 -5 -6 -7
leaf_value=-0.020134819418341134 0.027359090600205947 0.022696862670673831 -3.6343780648573881e-05 -0.0012245788329254719 -0.013353385891526202 -0.0018642210336288372
leaf_weight=148.59994403272867 72.299954853951931 72.068236231803894 46.959163777530193 311.13054086267948 19.231428623199463 75.434178166091442
leaf_count=1821 671 367 304 2138 90 578
internal_value=0.000295039 -0.00353966 0.0193948 0.00252804 0.0146392 -0.0136702
internal_weight=745.723 626.464 119.259 402.43 91.2997 224.034
internal_count=5969 4994 975 2595 457 2399
cat_boundaries=0 1 2
cat_threshold=21589 8452
is_linear=0
shrinkage=0.04


Tree=64
num_leaves=7
num_cat=1
split_feature=5 0 1 4 2 5
split_gain=33.247 22.5629 17.0714 13.5944 9.62721 9.0903
threshold=6.9075775146484384 0 4.7405652999877939 6.6246752738952646 2.8617925643920903 7.5004370212554941
decision_type=2 9 2 2 2 2
left_child=1 -1 5 4 -3 -2
right_child=2 3 -4 -5 -6 -7
leaf_value=0.0015064073678542197 0.013559440795989919 -0.0014137444747481973 0.029305906383089546 0.017448227279819185 -0.024273234221190047 -0.022206208632461907
leaf_weight=464.11822565644979 15.553102120757103 39.694526709616184 76.988310672342777 12.023133434355257 119.38176606595516 14.41159550845623
leaf_count=3179 70 200 719 77 1660 64
internal_value=0.000304716 -0.00323959 0.0201156 -0.0148601 -0.0189099 -0.00469672
internal_weight=742.171 635.218 106.953 171.099 159.076 29.9647
internal_count=5969 5116 853 1937 1860 134
cat_boundaries=0 1
cat_threshold=10507
is_linear=0
shrinkage=0.04


Tree=65
num_leaves=7
num_cat=2
split_feature=5 3 0 4 0 4
split_gain=31.3208 18.3279 16.1429 19.2839 11.9211 15.6331
threshold=6.0722453594207773 1.0000000180025095e-35 0 6.1095988750457773 1 6.0540230274200448
decision_type=2 2 9 2 9 2
left_child=1 4 3 -2 -1 -6
right_child=2 -3 -4 -5 5 -7
leaf_value=-0.0021272461482255687 -0.00033069629150799857 0.02825148108090033 0.0013151970580991699 0.029869420679218227 -0.021586958249468845 0.021065657499014661
leaf_weight=174.80223575979471 52.048973545432091 13.321193374693392 247.26301476359367 87.731937073171139 154.55063464865088 8.7383657395839673
leaf_count=1484 255 71 1316 738 2012 93
internal_value=0.000300515 -0.00824722 0.00807119 0.0179971 -0.0103051 -0.0174107
internal_weight=738.456 351.412 387.044 139.781 338.091 163.289
internal_count=5969 3660 2309 993 3589 2105
cat_boundaries=0 1 2
cat_threshold=2309 8490
is_linear=0
shrinkage=0.04


Tree=66
num_leaves=7
num_cat=1
split_feature=5 0 1 4 2 1
split_gain=30.0698 20.0112 16.2934 12.4018 9.50895 8.49493
threshold=6.9075775146484384 0 4.1510088443756112 6.6246752738952646 2.8617925643920903 7.8373570442199716
decision_type=2 9 2 2 2 2
left_child=1 -1 -2 4 5 -3
right_child=2 3 -4 -5 -6 -7
leaf_value=0.0013931534447623344 -0.016687557253185794 0.0090590224393522698 0.024984693957781814 0.016812021297896832 -0.023542479616576243 -0.025846732610857241
leaf_weight=462.99965696036816 11.921743929386137 31.93247727304697 92.547929100692272 11.848221763968466 115.69439469650388 7.4869589731097212
leaf_count=3179 52 157 801 77 1660 43
internal_value=0.000313697 -0.00305162 0.0193805 -0.0141484 -0.0180893 -0.000812706
internal_weight=734.431 629.962 104.47 166.962 155.114 39.4194
internal_count=5969 5116 853 1937 1860 200
cat_boundaries=0 1
cat_threshold=10507
is_linear=0
shrinkage=0.04


Tree=67
num_leaves=7
num_cat=2
split_feature=4 0 0 4 1 4
split_gain=28.2855 19.6932 11.909 10.9771 14.4067 9.51926
threshold=6.7639365196228036 0 1 4.5239160060882577 5.7509727478027353 6.0809032917022714
decision_type=2 9 9 2 2 2
left_child=1 -1 -2 4 -3 -5
right_child=2 3 -4 5 -6 -7
leaf_value=-0.012363519489031678 0.026025642992259714 0.021628093109348906 -0.00077601299792922588 -0.0076226044951241247 -0.013116729939948826 0.0060990522805292246
leaf_weight=215.37982328981161 67.861050747334957 71.88194814324379 46.097486384212971 170.0640063136816 19.162404492497444 140.51402671635151
leaf_count=2399 671 367 304 1501 90 637
internal_value=0.000296833 -0.00314479 0.0179147 0.0021922 0.0138464 -0.00141729
internal_weight=730.961 617.002 113.959 401.622 91.0444 310.578
internal_count=5969 4994 975 2595 457 2138
cat_boundaries=0 1 2
cat_threshold=21589 8452
is_linear=0
shrinkage=0.04


Tree=68
num_leaves=7
num_cat=1
split_feature=5 0 1 4 2 5
split_gain=27.0856 17.8558 15.7539 11.5251 9.14239 8.47573
threshold=6.9075775146484384 0 4.7405652999877939 6.6246752738952646 2.8617925643920903 7.5004370212554941
decision_type=2 9 2 2 2 2
left_child=1 -1 5 4 -3 -2
right_child=2 3 -4 -5 -6 -7
leaf_value=0.0012949046570238216 0.012764496323620131 -0.00048626316394975857 0.027836637786372256 0.016399777467813008 -0.022815379402457703 -0.021926490605471756
leaf_weight=461.74084535241127 15.352779492735863 39.249509587883949 72.487653762102127 11.721717007458208 112.48473136872053 14.309330642223358
leaf_count=3179 70 200 719 77 1660 64
internal_value=0.000302166 -0.00288572 0.0186058 -0.0134934 -0.0173531 -0.0050735
internal_weight=727.347 625.197 102.15 163.456 151.734 29.6621
internal_count=5969 5116 853 1937 1860 134
cat_boundaries=0 1
cat_threshold=10507
is_linear=0
shrinkage=0.04


Tree=69
num_leaves=7
num_cat=1
split_feature=5 0 1 4 2 3
split_gain=25.4187 16.7135 15.0462 10.967 8.73697 8.31014
threshold=6.9075775146484384 0 4.7405652999877939 6.6246752738952646 2.8617925643920903 1.0000000180025095e-35
decision_type=2 9 2 2 2 2
left_child=1 5 -2 4 -3 -1
right_child=2 3 -4 -5 -6 -7
leaf_value=-0.00022182750403693964 -0.0049565917637064199 -0.00047016297822518129 0.027307095118193323 0.016075439254301046 -0.022343934974105219 0.020173091864800371
leaf_weight=435.42072710394859 29.599292427301407 39.243896320462227 71.120667614042759 11.642901688814161 110.47373201325536 26.484591484069824
leaf_count=3056 134 200 719 77 1660 123
internal_value=0.00029765 -0.00278221 0.0181585 -0.0131222 -0.0169251 0.00124462
internal_weight=723.986 623.266 100.72 161.361 149.718 461.905
internal_count=5969 5116 853 1937 1860 3179
cat_boundaries=0 1
cat_threshold=10507
is_linear=0
shrinkage=0.04


Tree=70
num_leaves=7
num_cat=2
split_feature=4 4 0 1 0 5
split_gain=24.1941 29.0529 24.1797 18.0611 13.0016 8.47801
threshold=6.0809032917022714 4.5239160060882577 0 7.6204600334167489 1 5.2659502029418954
decision_type=2 2 9 2 9 2
left_child=1 3 -2 -1 -3 -6
right_child=2 4 -4 -5 5 -7
leaf_value=0.013709529680763933 -0.00013625665448815363 -0.021278268789648915 0.023400574829323079 -0.025176552969322055 -0.016646734154740054 0.0021658070944916546
leaf_weight=131.46820852905512 183.8017069324851 129.52945043891668 98.384305596351624 14.658391095697878 48.602085798978806 114.0503678098321
leaf_count=666 965 1795 860 80 559 1044
internal_value=0.000302641 -0.00554659 0.00929046 0.00870442 -0.0127159 -0.00375252
internal_weight=720.495 438.309 282.186 146.127 292.182 162.652
internal_count=5969 4144 1825 746 3398 1603
cat_boundaries=0 1 2
cat_threshold=12314 10580
is_linear=0
shrinkage=0.04


Tree=71
num_leaves=7
num_cat=1
split_feature=4 3 5 4 5 0
split_gain=23.3184 16.8863 15.5142 12.7455 12.6344 11.3885
threshold=6.7639365196228036 1.0000000180025095e-35 5.8497936725616464 4.8842504024505624 4.506035804748536 0
decision_type=2 2 2 2 2 9
left_child=1 2 4 -4 -1 -2
right_child=5 -3 3 -5 -6 -7
leaf_value=-0.00054220797922902551 0.024818673690435569 0.023141759541382544 0.018970579940247031 -0.0020993772324536903 -0.018750475518692716 -0.0013401077773650693
leaf_weight=99.38943387567997 64.017430953681469 29.802348032593727 46.690644323825836 280.10495900735259 151.77904852852225 45.375710941851139
leaf_count=520 671 141 225 1908 2200 304
internal_value=0.00028126 -0.00283659 -0.0044738 0.00129235 -0.0117845 0.0166162
internal_weight=717.16 607.766 577.964 326.796 251.168 109.393
internal_count=5969 4994 4853 2133 2720 975
cat_boundaries=0 1
cat_threshold=8452
is_linear=0
shrinkage=0.04


Tree=72
num_leaves=7
num_cat=1
split_feature=4 3 5 5 4 0
split_gain=22.0066 15.8682 14.5601 11.9929 11.8867 10.9311
threshold=6.7639365196228036 1.0000000180025095e-35 5.8497936725616464 4.506035804748536 4.8842504024505624 0
decision_type=2 2 2 2 2 9
left_child=1 2 3 -1 -4 -2
right_child=5 -3 4 -5 -6 -7
leaf_value=-0.00052221890923581909 0.024386804298637935 0.022510737832670852 0.018335726247428085 -0.018313263572722224 -0.0020188914147308916 -0.001301374120324069
leaf_weight=99.372435070574284 62.886900410056114 29.639838345348835 46.652723059058189 149.42579964548349 279.94321339577436 45.39259984344244
leaf_count=520 671 141 225 2200 1908 304
internal_value=0.000303745 -0.00272575 -0.0043166 -0.011445 0.00125755 0.0162546
internal_weight=713.314 605.034 575.394 248.798 326.596 108.28
internal_count=5969 4994 4853 2720 2133 975
cat_boundaries=0 1
cat_threshold=8452
is_linear=0
shrinkage=0.04


Tree=73
num_leaves=7
num_cat=2
split_feature=4 0 0 4 4 5
split_gain=20.7708 15.0472 10.4908 9.28143 9.55573 8.43238
threshold=6.7639365196228036 0 1 4.8524816036224374 6.0809032917022714 5.8497936725616464
decision_type=2 9 9 2 2 2
left_child=1 5 -2 -3 -5 -1
right_child=2 3 -4 4 -6 -7
leaf_value=-0.017101159744597666 0.02396044965555931 0.011299116255697891 -0.0012637665846553948 -0.0088961099272848627 0.0054148476250866487 -0.00025237385896790241
leaf_weight=133.24368295446038 61.78837788850069 113.98609197884798 45.408996269106865 143.01296978443861 140.15127208828926 71.993192918598652
leaf_count=1821 671 668 304 1290 637 578
internal_value=0.00032489 -0.00261882 0.0158999 0.00201643 -0.00185878 -0.0109105
internal_weight=709.585 602.387 107.197 397.15 283.164 205.237
internal_count=5969 4994 975 2595 1927 2399
cat_boundaries=0 1 2
cat_threshold=21589 8452
is_linear=0
shrinkage=0.04


Tree=74
num_leaves=7
num_cat=1
split_feature=5 1 0 4 2 1
split_gain=19.9652 13.97 13.4538 9.39696 7.6906 7.95508
threshold=6.9075775146484384 4.1510088443756112 0 6.6246752738952646 2.8617925643920903 7.8373570442199716
decision_type=2 2 9 2 2 2
left_child=2 -2 -1 4 5 -4
right_child=1 -3 3 -5 -6 -7
leaf_value=0.0011926965320347329 -0.016487799372319947 0.022166616484102137 0.0092317126531069136 0.015237193911571448 -0.02087905741135411 -0.024802059050245521
leaf_weight=455.91688486933708 11.814359679818152 84.434912525117397 31.771193332970142 11.348526179790495 103.88217438384891 7.1843773350119582
leaf_count=3179 52 801 157 77 1660 43
internal_value=0.000331613 0.0165207 -0.00240314 -0.0119093 -0.0155494 -0.000201203
internal_weight=706.352 96.2493 610.103 154.186 142.838 38.9556
internal_count=5969 853 5116 1937 1860 200
cat_boundaries=0 1
cat_threshold=10507
is_linear=0
shrinkage=0.04


Tree=75
num_leaves=7
num_cat=1
split_feature=5 1 0 4 5 2
split_gain=18.6614 13.6691 12.6342 9.08949 7.90841 6.54866
threshold=6.9075775146484384 4.7405652999877939 0 7.1375517845153817 7.5004370212554941 2.8617925643920903
decision_type=2 2 9 2 2 2
left_child=2 4 -1 5 -2 -4
right_child=1 -3 3 -5 -6 -7
leaf_value=0.0011464374734839755 0.011847400160862753 0.025310325623517167 -0.00030070171949194433 0.021278463574131469 -0.021872126001898452 -0.019319297672506751
leaf_weight=456.06393931433558 15.090929932892323 65.782658495008945 38.931155368685722 5.26866590976715 14.189672619104385 108.17240377143025
leaf_count=3179 70 719 200 42 64 1695
internal_value=0.000313472 0.0160648 -0.0023241 -0.011599 -0.00568038 -0.0145611
internal_weight=703.499 95.0633 608.436 152.372 29.2806 147.104
internal_count=5969 853 5116 1937 134 1895
cat_boundaries=0 1
cat_threshold=10507
is_linear=0
shrinkage=0.04


Tree=76
num_leaves=7
num_cat=2
split_feature=4 4 0 1 0 2
split_gain=18.0291 22.694 22.032 16.3165 9.96169 8.23656
threshold=6.0809032917022714 4.5239160060882577 0 7.6204600334167489 1 4.1190040111541757
decision_type=2 2 9 2 9 2
left_child=1 3 -2 -1 5 -3
right_child=2 4 -4 -5 -6 -7
leaf_value=0.01254398869087932 -0.00072231124548793771 0.026543678542179771 0.022002163210470823 -0.024568816532702376 -0.017254937171019377 -0.0049977142702447436
leaf_weight=130.49473414570093 181.55870953202248 6.8763900250196448 93.538571186363697 14.406764902174471 159.21543067321181 114.72926222160459
leaf_count=666 965 51 860 80 2262 1085
internal_value=0.000310914 -0.00481774 0.00815955 0.00776165 -0.0113438 -0.00156506
internal_weight=700.82 425.723 275.097 144.901 280.821 121.606
internal_count=5969 4144 1825 746 3398 1136
cat_boundaries=0 1 2
cat_threshold=12314 1066
is_linear=0
shrinkage=0.04


Tree=77
num_leaves=7
num_cat=0
split_feature=4 3 5 4 1 5
split_gain=17.1224 14.1741 12.3255 10.2581 10.1064 10.1039
threshold=6.7639365196228036 1.0000000180025095e-35 5.8497936725616464 5.3744764328002939 6.4401485919952401 4.506035804748536
decision_type=2 2 2 2 2 2
left_child=1 2 5 -4 -2 -1
right_child=4 -3 3 -5 -6 -7
leaf_value=-0.00058644532575512047 0.0042155402078693192 0.021583959733774506 0.01493442905492935 -0.0023146127739700419 0.029401385958323676 -0.017087278816454204
leaf_weight=98.958206839859486 66.210499975830317 29.312322363257408 61.378460843116045 262.21377490833402 37.072334740310907 142.66070805490017
leaf_count=520 467 141 337 1796 508 2200
internal_value=0.000307386 -0.00235853 -0.00388412 0.00123853 0.0147195 -0.0105645
internal_weight=697.806 594.523 565.211 323.592 103.283 241.619
internal_count=5969 4994 4853 2133 975 2720
is_linear=0
shrinkage=0.04


Tree=78
num_leaves=7
num_cat=2
split_feature=4 0 4 1 0 5
split_gain=16.1157 20.586 20.2115 15.3619 11.4699 7.62081
threshold=6.0809032917022714 0 4.5239160060882577 7.6204600334167489 1 5.2659502029418954
decision_type=2 9 2 2 9 2
left_child=2 -2 3 -1 -4 -6
right_child=1 -3 4 -5 5 -7
leaf_value=0.011946444011233444 -0.00078549657402832607 0.021268918579191345 -0.019166629816501995 -0.024156357957575439 -0.015068903301893798 0.0030818238474606421
leaf_weight=130.2236058935523 181.35156936198473 91.955560460686684 119.10194877907634 14.25489094853401 45.927686862647533 111.6938693113625
leaf_count=666 965 860 1795 80 559 1044
internal_value=0.000319129 0.00775681 -0.00456162 0.00730387 -0.0107878 -0.00252677
internal_weight=694.509 273.307 421.202 144.478 276.724 157.622
internal_count=5969 1825 4144 746 3398 1603
cat_boundaries=0 1 2
cat_threshold=12314 10580
is_linear=0
shrinkage=0.04


Tree=79
num_leaves=7
num_cat=2
split_feature=4 3 0 1 0 2
split_gain=15.6309 13.0162 12.1117 11.9426 12.5371 7.72829
threshold=6.7879784107208261 1.0000000180025095e-35 0 4.0859410762786874 1 2.8617925643920903
decision_type=2 2 9 2 9 2
left_child=1 3 -2 -1 5 -5
right_child=2 -3 -4 4 -6 -7
leaf_value=-0.026091550364009883 0.024352601304483319 0.020862473129131837 -0.0028288449305775656 0.0022440933471316892 0.0015559866222443967 -0.018325322003325501
leaf_weight=27.549168765544891 51.357515897601843 29.067880898714066 43.729445487260818 38.339948408305645 405.22853824496269 96.497549440711737
leaf_count=211 637 141 300 197 2866 1617
internal_value=0.000296934 -0.00216085 0.0146906 -0.00361345 -0.00210271 -0.0118489
internal_weight=691.77 596.683 95.087 567.615 540.066 134.837
internal_count=5969 5032 937 4891 4680 1814
cat_boundaries=0 1 2
cat_threshold=8452 20564
is_linear=0
shrinkage=0.04


Tree=80
num_leaves=7
num_cat=2
split_feature=5 1 3 4 0 0
split_gain=14.8743 12.455 10.5224 10.2703 11.0198 7.87563
threshold=6.9075775146484384 4.7405652999877939 1.0000000180025095e-35 6.1095988750457773 0 1
decision_type=2 2 2 2 9 9
left_child=2 -2 3 5 -5 -1
right_child=1 -3 -4 4 -6 -7
leaf_value=-0.00083171679609481727 -0.0059052652113347065 0.023874546649903756 0.0190155139671963 -0.0028930246363893853 0.016088103668646242 -0.012306133009030884
leaf_weight=194.16517858207226 29.11674527078867 62.070691656321287 27.873667173087597 125.24152916669846 59.275095775723457 191.57525841146708
leaf_count=1548 134 719 137 590 385 2456
internal_value=0.000299955 0.0146563 -0.00205328 -0.00333193 0.00430513 -0.00699832
internal_weight=689.318 91.1874 598.131 570.257 184.517 385.74
internal_count=5969 853 5116 4979 975 4004
cat_boundaries=0 1 2
cat_threshold=12306 298
is_linear=0
shrinkage=0.04


Tree=81
num_leaves=7
num_cat=2
split_feature=4 3 1 0 0 2
split_gain=14.126 11.696 11.2158 11.917 9.24008 7.83713
threshold=6.7639365196228036 1.0000000180025095e-35 4.0859410762786874 0 1 2.8617925643920903
decision_type=2 2 2 9 9 2
left_child=1 2 -1 5 -2 -4
right_child=4 -3 3 -5 -6 -7
leaf_value=-0.025391590320013688 0.021689449837716781 0.019800136323996045 0.0024551948912823795 0.0015516185255597017 -0.0019889617718405008 -0.018355474607860089
leaf_weight=27.199440199881792 55.445803008973598 28.760137371718884 38.190415639430285 399.64493409916759 44.369791649281979 92.871911030262709
leaf_count=211 671 141 197 2840 304 1605
internal_value=0.00030658 -0.00211216 -0.00350568 -0.00202358 0.0136246 -0.0116605
internal_weight=686.482 586.667 557.907 530.707 99.8156 131.062
internal_count=5969 4994 4853 4642 975 1802
cat_boundaries=0 1 2
cat_threshold=20564 8452
is_linear=0
shrinkage=0.04


Tree=82
num_leaves=7
num_cat=2
split_feature=5 1 3 4 0 0
split_gain=13.5195 11.7376 9.30566 9.31972 10.313 7.12095
threshold=6.9075775146484384 4.1510088443756112 1.0000000180025095e-35 6.1095988750457773 0 1
decision_type=2 2 2 2 9 9
left_child=2 -2 3 5 -5 -1
right_child=1 -3 -4 4 -6 -7
leaf_value=-0.00079842896473892937 -0.015874052538052515 0.019681568088941212 0.017964849003731336 -0.0028199452557796907 0.015569971565702348 -0.011743621631016577
leaf_weight=194.13861624523997 11.695738315582274 77.867914356291294 27.575197353959084 124.96060553193092 58.969401486217976 188.89686044305563
leaf_count=1548 52 801 137 590 385 2456
internal_value=0.000307239 0.0141176 -0.00193302 -0.00313728 0.00414354 -0.0066467
internal_weight=684.104 89.5637 594.541 566.965 183.93 383.035
internal_count=5969 853 5116 4979 975 4004
cat_boundaries=0 1 2
cat_threshold=12306 298
is_linear=0
shrinkage=0.04


Tree=83
num_leaves=7
num_cat=1
split_feature=4 0 4 1 5 5
split_gain=12.7387 11.1198 10.4131 14.5167 12.5984 8.79157
threshold=6.7879784107208261 0 4.5239160060882577 7.6204600334167489 5.8497936725616464 6.541898488998414
decision_type=2 9 2 2 2 2
left_child=2 -2 3 -1 -4 -6
right_child=1 -3 4 -5 5 -7
leaf_value=0.011733922781668628 0.023146446779081585 -0.0030289425764918523 -0.014318862194021459 -0.023553580944685317 0.0041525883696105163 -0.010351517743456828
leaf_weight=129.28346660733223 48.285200510174036 43.224558010697365 143.60615023225546 14.012865163385866 215.59325886517763 87.396127618849277
leaf_count=666 637 300 2244 80 1651 391
internal_value=0.000306616 0.0135547 -0.00190242 0.00722021 -0.00490509 -0.00018973
internal_weight=681.402 91.5098 589.892 143.296 446.596 302.989
internal_count=5969 937 5032 746 4286 2042
cat_boundaries=0 1
cat_threshold=8452
is_linear=0
shrinkage=0.04


Tree=84
num_leaves=7
num_cat=1
split_feature=5 1 0 4 5 1
split_gain=12.1195 11.2765 8.71812 7.70026 7.28616 6.17474
threshold=6.9075775146484384 4.7405652999877939 0 7.1375517845153817 7.5004370212554941 4.9522936344146737
decision_type=2 2 9 2 2 2
left_child=2 4 3 -1 -2 -4
right_child=1 -3 5 -5 -6 -7
leaf_value=-0.012845856426320384 0.011093324783112724 0.022584025228640871 0.0054223143345646452 0.02037182132893502 -0.021462044943079076 -0.0037732640773149801
leaf_weight=133.92102295532823 14.84558040648699 59.075951140373945 235.25190278887749 5.0345712378621092 14.046911373734472 217.17974769324064
leaf_count=1851 70 719 1570 42 64 1653
internal_value=0.00030097 0.0134951 -0.00181558 -0.00992357 -0.00595618 0.000997649
internal_weight=679.356 87.9684 591.387 138.956 28.8925 452.432
internal_count=5969 853 5116 1893 134 3223
cat_boundaries=0 1
cat_threshold=21588
is_linear=0
shrinkage=0.04


Tree=85
num_leaves=7
num_cat=1
split_feature=0 4 4 5 1 5
split_gain=11.4849 11.3273 16.0779 12.0954 9.4282 8.35652
threshold=0 6.6246752738952646 4.5239160060882577 5.8497936725616464 6.4401485919952401 6.541898488998414
decision_type=9 2 2 2 2 2
left_child=-1 2 -2 -4 -3 -5
right_child=1 4 3 5 -6 -7
leaf_value=-0.01919022380663913 0.011072489947538719 0.0035565952108799156 -0.014305216232998465 0.0043205670173464992 0.028053926841246628 -0.010410418893063957
leaf_weight=27.358284473419189 131.61457359045744 67.530406791716814 129.98858585953712 207.5370763912797 34.861000366508961 78.279043048620224
leaf_count=338 679 485 2011 1595 523 338
internal_value=0.000300044 0.00161126 -0.000711236 -0.00457974 0.0133258 0.000112456
internal_weight=677.169 649.811 547.419 415.805 102.391 285.816
internal_count=5969 5631 4623 3944 1008 1933
cat_boundaries=0 1
cat_threshold=21568
is_linear=0
shrinkage=0.04


Tree=86
num_leaves=7
num_cat=1
split_feature=0 4 4 5 1 5
split_gain=10.9987 10.6841 14.9031 11.3638 9.11081 7.74029
threshold=0 6.6246752738952646 4.5239160060882577 5.8497936725616464 6.4401485919952401 6.541898488998414
decision_type=9 2 2 2 2 2
left_child=-1 2 -2 -4 -3 -5
right_child=1 4 3 5 -6 -7
leaf_value=-0.018864821563875946 0.010644836956365835 0.0034336076336548248 -0.013922749954291411 0.0041471553411562227 0.027641611809887955 -0.010021365618682807
leaf_weight=27.034073561429977 131.74472848325968 67.439714692533016 128.46813202649355 207.89364797621965 34.100578211247921 78.373898282647133
leaf_count=338 679 485 2011 1595 523 338
internal_value=0.000278904 0.00156161 -0.000690181 -0.00442416 0.0129884 0.000101133
internal_weight=675.055 648.021 546.48 414.736 101.54 286.268
internal_count=5969 5631 4623 3944 1008 1933
cat_boundaries=0 1
cat_threshold=21568
is_linear=0
shrinkage=0.04


Tree=87
num_leaves=7
num_cat=2
split_feature=0 4 4 5 1 0
split_gain=10.5344 10.0775 13.8147 10.6727 8.80087 7.63711
threshold=0 6.6246752738952646 4.5239160060882577 5.8497936725616464 6.4401485919952401 1
decision_type=9 2 2 2 2 9
left_child=-1 2 -2 5 -3 -4
right_child=1 4 3 -5 -6 -7
leaf_value=-0.018544848216278515 0.010234349642126628 0.0033147546744495349 0.00053858885809452632 9.0530680602710355e-05 0.0272313282644122 -0.019815781668953533
leaf_weight=26.717519152909517 131.86603166908026 67.352153364568949 50.836973506957293 286.69782554358244 33.365291088819504 76.164857022464275
leaf_count=338 679 485 561 1933 523 1450
internal_value=0.00025869 0.00151358 -0.000669764 -0.00427365 0.0126586 -0.013547
internal_weight=673.001 646.283 545.566 413.7 100.717 127.002
internal_count=5969 5631 4623 3944 1008 2011
cat_boundaries=0 1 2
cat_threshold=21568 2090
is_linear=0
shrinkage=0.04


Tree=88
num_leaves=7
num_cat=2
split_feature=4 0 3 4 0 1
split_gain=10.1648 16.5149 14.6663 7.13612 9.91682 9.79286
threshold=6.0809032917022714 0 1.0000000180025095e-35 4.5239160060882577 1 7.6204600334167489
decision_type=2 9 2 2 9 2
left_child=2 -2 3 5 -5 -1
right_child=1 -3 -4 4 -6 -7
leaf_value=0.0063988589131099881 -0.0012749132218964759 0.018845876092182214 0.0301353796151183 -0.017662103626667355 -0.0018684968372670776 -0.02277084611203167
leaf_weight=117.74124283343554 178.60112813860178 85.274872828274965 11.698010832071303 101.43439946696162 162.3738269880414 13.635425411164759
leaf_count=596 965 860 70 1603 1795 80
internal_value=0.00022794 0.00623687 -0.00371416 -0.00529421 -0.0090008 0.00223813
internal_weight=670.759 263.876 406.883 395.185 263.808 131.377
internal_count=5969 1825 4144 4074 3398 676
cat_boundaries=0 1 2
cat_threshold=12314 10516
is_linear=0
shrinkage=0.04


Tree=89
num_leaves=7
num_cat=2
split_feature=0 4 4 5 0 1
split_gain=9.96684 9.25007 12.1725 10.2311 8.47566 8.26928
threshold=0 6.6246752738952646 4.5239160060882577 5.2450773715972909 1 6.4401485919952401
decision_type=9 2 2 2 9 2
left_child=-1 2 -2 -4 -5 -3
right_child=1 5 3 4 -6 -7
leaf_value=-0.018150650545616948 0.0095853954380675996 0.003200240668955542 -0.016763921198490041 -0.013771826070381058 0.001943546615365051 0.026590927308759119
leaf_weight=26.309965878725052 131.82453132420778 67.222245063632727 73.541926693171263 49.041289184242487 288.33094428852201 32.217044360935688
leaf_count=338 679 485 1084 859 2001 523
internal_value=0.000223628 0.00144739 -0.000643865 -0.00404588 -0.000949447 0.0121942
internal_weight=668.488 642.178 542.739 410.914 337.372 99.4393
internal_count=5969 5631 4623 3944 2860 1008
cat_boundaries=0 1 2
cat_threshold=21568 20
is_linear=0
shrinkage=0.04


Tree=90
num_leaves=7
num_cat=2
split_feature=0 4 4 1 0 5
split_gain=9.5378 8.79459 12.6981 8.71362 8.12115 7.05849
threshold=0 6.477755308151246 4.5239160060882577 4.0163424015045175 1 6.541898488998414
decision_type=9 2 2 2 9 2
left_child=-1 2 -2 -3 -4 -6
right_child=1 3 4 -5 5 -7
leaf_value=-0.017842775152284687 0.0092171135452696167 -0.020404398972349639 -0.015472713867774218 0.01267453163587496 0.0013457790819691241 -0.014197461620544813
leaf_weight=26.010080046951771 131.92562135308981 6.8627216145396224 71.144620548933744 132.12610646337271 248.8537121899426 49.259418651461601
leaf_count=338 679 38 1357 1165 2188 204
internal_value=0.000193771 0.00139158 -0.00109365 0.0100196 -0.00489474 -0.00147817
internal_weight=666.182 640.172 501.183 138.989 369.258 298.113
internal_count=5969 5631 4428 1203 3749 2392
cat_boundaries=0 1 2
cat_threshold=21568 20
is_linear=0
shrinkage=0.04


Tree=91
num_leaves=7
num_cat=3
split_feature=0 4 4 0 0 5
split_gain=9.10826 8.30231 16.9508 13.8482 9.42139 6.0955
threshold=0 6.0809032917022714 4.5239160060882577 1 2 5.2659502029418954
decision_type=9 2 2 9 9 2
left_child=-1 2 -2 -3 -4 -6
right_child=1 3 4 -5 5 -7
leaf_value=-0.017540044822198599 0.00886340660597058 -0.00029787496842272363 -0.016862660704631813 0.018505105641598598 -0.013017641979693585 0.0037247055379903446
leaf_weight=25.717272307723761 132.0199655815959 174.78105339407921 98.685563180595636 82.28218350186944 41.53380685672164 109.44366810470819
leaf_count=338 679 948 1603 852 533 1016
internal_value=0.000145078 0.00131613 -0.00239668 0.00678445 -0.00844125 -0.00122721
internal_weight=664.464 638.746 381.683 257.063 249.663 150.977
internal_count=5969 5631 3831 1800 3152 1549
cat_boundaries=0 1 2 3
cat_threshold=21568 8218 10516
is_linear=0
shrinkage=0.04


Tree=92
num_leaves=7
num_cat=2
split_feature=0 4 4 5 1 0
split_gain=8.72174 8.06981 9.89928 9.23467 7.8616 7.38022
threshold=0 6.6246752738952646 4.5239160060882577 5.2450773715972909 6.4401485919952401 1
decision_type=9 2 2 2 2 9
left_child=-1 2 -2 -4 -3 -5
right_child=1 4 3 5 -6 -7
leaf_value=-0.017242376733526427 0.0085236532259339009 0.0027258676784740984 -0.016021884907933267 -0.0047624615421764894 0.025757395083215361 0.0072134977306448442
leaf_weight=25.431368201971054 132.10803970694542 66.661063421517611 71.634716898202896 230.21076558157802 30.812985293567181 105.48721440508962
leaf_count=338 679 485 1084 2132 523 728
internal_value=0.000121418 0.00126773 -0.000681326 -0.0037734 0.0114079 -0.000847603
internal_weight=662.346 636.915 539.441 407.333 97.474 335.698
internal_count=5969 5631 4623 3944 1008 2860
cat_boundaries=0 1 2
cat_threshold=21568 8220
is_linear=0
shrinkage=0.04


Tree=93
num_leaves=7
num_cat=1
split_feature=1 3 5 1 0 5
split_gain=8.44645 14.7468 13.0299 8.28461 5.18753 4.53785
threshold=4.0859410762786874 1.0000000180025095e-35 6.9075775146484384 4.9522936344146737 0 5.3655936717987069
decision_type=2 2 2 2 9 2
left_child=1 -1 3 4 5 -2
right_child=2 -3 -4 -5 -6 -7
leaf_value=-0.026574022965119008 -0.0017910358842040148 0.022287793684491092 0.016297708558652022 -0.0049704878898493869 -0.0092708306822324588 0.010867252715000462
leaf_weight=32.861031591892242 61.725703988224268 6.377058431506156 73.128901343792677 319.86488897353411 22.586460709571838 143.65329479798675
leaf_count=244 560 43 810 3259 263 790
internal_value=0.000110837 -0.0162032 0.0013347 -0.000868512 0.00486047 0.00681879
internal_weight=660.197 39.2381 620.959 547.83 227.965 205.379
internal_count=5969 287 5682 4872 1613 1350
cat_boundaries=0 1
cat_threshold=10499
is_linear=0
shrinkage=0.04


Tree=94
num_leaves=7
num_cat=1
split_feature=0 1 3 5 1 5
split_gain=8.20035 7.54487 13.6836 11.7206 9.35901 6.95692
threshold=0 4.0859410762786874 1.0000000180025095e-35 6.9075775146484384 4.7578821182250985 6.7386245727539071
decision_type=9 2 2 2 2 2
left_child=-1 2 -2 4 5 -3
right_child=1 3 -4 -5 -6 -7
leaf_value=-0.016813998898939773 -0.025374985416920928 0.011642940786628586 0.022027037642448576 0.016652067174969504 -0.0031958738996528029 -0.010854608521595508
leaf_weight=25.020445767790079 30.13644041121006 132.07428325712681 6.2908963710069647 72.007193066179752 373.11736821755767 19.574595838785172
leaf_count=338 220 1004 43 808 3473 83
internal_value=0.000104434 0.00121763 -0.0146965 0.00239073 0.000213156 0.00834059
internal_weight=658.221 633.201 36.4273 596.773 524.766 151.649
internal_count=5969 5631 263 5368 4560 1087
cat_boundaries=0 1
cat_threshold=21568
is_linear=0
shrinkage=0.04


Tree=95
num_leaves=7
num_cat=1
split_feature=0 5 1 5 2 1
split_gain=7.95971 9.53382 11.546 5.75475 8.56252 7.56744
threshold=0 6.9075775146484384 3.9219243526458745 5.6414382457733163 3.6762205362319951 4.388237953186036
decision_type=9 2 2 2 2 2
left_child=3 -2 -3 -1 -5 -6
right_child=1 2 -4 4 5 -7
leaf_value=-0.013858626169530184 0.00048378316325929996 -0.018004499982475809 0.022755932974915957 -0.016595940985354541 -0.021623126920273766 0.014103004731546621
leaf_weight=89.849259935319424 427.42107128724456 7.2908695489168158 54.52817152813077 23.030926804989576 3.9691644906997672 50.831888739019632
leaf_count=1365 3211 35 634 160 27 537
internal_value=8.73542e-05 0.00267769 0.0164365 -0.00700204 0.000651368 0.00909054
internal_weight=656.921 489.24 61.819 167.681 77.832 54.8011
internal_count=5969 3880 669 2089 724 564
cat_boundaries=0 1
cat_threshold=21585
is_linear=0
shrinkage=0.04


Tree=96
num_leaves=7
num_cat=1
split_feature=0 3 1 5 1 5
split_gain=7.60685 6.90401 15.3878 10.6371 7.20113 6.32233
threshold=0 1.0000000180025095e-35 4.0859410762786874 6.9075775146484384 4.7578821182250985 5.7099637985229501
decision_type=9 2 2 2 2 2
left_child=-1 2 -2 4 5 -4
right_child=1 -3 3 -5 -6 -7
leaf_value=-0.016318224515658064 -0.024620814661770418 0.018004113346733533 -0.0021463134583890871 0.015609740090535758 -0.0033978580144220587 0.014073892501338914
leaf_weight=24.551476873457432 29.742180503904819 28.688840925693512 65.890993718057871 68.749077402055264 359.28814591467381 78.467205207794905
leaf_count=338 220 165 643 780 3414 409
internal_value=6.83161e-05 0.00114003 0.000129698 0.0017374 -0.000370678 0.00694637
internal_weight=655.378 630.826 602.138 572.395 503.646 144.358
internal_count=5969 5631 5466 5246 4466 1052
cat_boundaries=0 1
cat_threshold=21568
is_linear=0
shrinkage=0.04


Tree=97
num_leaves=7
num_cat=1
split_feature=0 5 1 2 5 4
split_gain=7.34289 8.55382 10.6235 5.71345 5.56316 7.61236
threshold=0 6.9075775146484384 3.9219243526458745 3.4498615264892583 6.8142027854919442 6.0674340724945077
decision_type=9 2 2 2 2 2
left_child=-1 3 -3 -2 5 -5
right_child=1 2 -4 4 -6 -7
leaf_value=-0.0067839055906744284 0.0094742350385110426 -0.017389635431250564 0.021875048368233157 -0.0057330254033600824 -0.018118422847870987 0.0063182133397791905
leaf_weight=166.15213899314404 81.950653854757547 7.1904021799564353 53.29499014467001 176.6516636274755 22.603866703808308 145.65897643566132
leaf_count=2089 433 35 634 1916 104 758
internal_value=5.64804e-05 0.00254602 0.0157212 0.00048281 -0.00181986 -0.000265697
internal_weight=653.503 487.351 60.4854 426.865 344.915 322.311
internal_count=5969 3880 669 3211 2778 2674
cat_boundaries=0 1
cat_threshold=21585
is_linear=0
shrinkage=0.04


Tree=98
num_leaves=7
num_cat=1
split_feature=0 3 1 5 1 5
split_gain=7.16359 6.42791 14.399 9.31844 6.73982 5.82847
threshold=0 1.0000000180025095e-35 4.0859410762786874 6.9075775146484384 4.7578821182250985 5.7099637985229501
decision_type=9 2 2 2 2 2
left_child=-1 2 -2 4 5 -4
right_child=1 -3 3 -5 -6 -7
leaf_value=-0.015925959659126111 -0.023956365555324155 0.017412636460555023 -0.0019803811565038544 0.014768893621523702 -0.0032353610595812908 0.013621321371821975
leaf_weight=24.185602530837059 29.362735625356436 28.453041687607765 65.599945403635502 67.494043409824371 358.02240541949868 78.423246119171381
leaf_count=338 220 165 643 780 3414 409
internal_value=4.5507e-05 0.00108756 0.000110588 0.00166602 -0.000299526 0.00678477
internal_weight=651.541 627.355 598.902 569.54 502.046 144.023
internal_count=5969 5631 5466 5246 4466 1052
cat_boundaries=0 1
cat_threshold=21568
is_linear=0
shrinkage=0.04


Tree=99
num_leaves=7
num_cat=3
split_feature=0 2 4 0 0 1
split_gain=6.87114 6.3728 12.5718 14.4479 10.7067 6.66461
threshold=0 2.9174053668975835 6.0809032917022714 1 2 4.1510088443756112
decision_type=9 2 2 9 9 2
left_child=-1 -2 4 -4 -3 -6
right_child=1 2 3 -5 5 -7
leaf_value=-0.0156554886229247 0.0092026690415436575 -0.016266846054424897 -0.001673381883324338 0.017736458938612917 -0.02149631216277682 0.0025504427120858538
leaf_weight=23.935379352420568 116.10488769412041 94.994350373744965 166.92800198867917 78.492676593363285 12.769119691103695 156.52703731507063
leaf_count=338 600 1593 919 844 141 1534
internal_value=3.44449e-05 0.00105492 -0.000894169 0.00553224 -0.00684895 -0.000143317
internal_weight=649.751 625.816 509.711 245.421 264.291 169.296
internal_count=5969 5631 5031 1763 3268 1675
cat_boundaries=0 1 2 3
cat_threshold=21568 8210 10516
is_linear=0
shrinkage=0.04


end of trees

feature_importances:
Column_5=159
Column_4=128
Column_0=118
Column_1=104
Column_2=49
Column_3=41
Column_6=1

parameters:
[boosting: gbdt]
[objective: binary]
[metric: binary_logloss]
[tree_learner: serial]
[device_type: cpu]
[data_sample_strategy: bagging]
[data: ]
[valid: ]
[num_iterations: 100]
[learning_rate: 0.04]
[num_leaves: 7]
[num_threads: 4]
[seed: 42]
[deterministic: 0]
[force_col_wise: 0]
[force_row_wise: 0]
[histogram_pool_size: -1]
[max_depth: -1]
[min_data_in_leaf: 12]
[min_sum_hessian_in_leaf: 0.001]
[bagging_fraction: 1]
[pos_bagging_fraction: 1]
[neg_bagging_fraction: 1]
[bagging_freq: 0]
[bagging_seed: 400]
[bagging_by_query: 0]
[feature_fraction: 1]
[feature_fraction_bynode: 1]
[feature_fraction_seed: 30056]
[extra_trees: 0]
[extra_seed: 12879]
[early_stopping_round: 0]
[early_stopping_min_delta: 0]
[first_metric_only: 0]
[max_delta_step: 0]
[lambda_l1: 0]
[lambda_l2: 8]
[linear_lambda: 0]
[min_gain_to_split: 0]
[drop_rate: 0.1]
[max_drop: 50]
[skip_drop: 0.5]
[xgboost_dart_mode: 0]
[uniform_drop: 0]
[drop_seed: 17869]
[top_rate: 0.2]
[other_rate: 0.1]
[min_data_per_group: 100]
[max_cat_threshold: 32]
[cat_l2: 10]
[cat_smooth: 10]
[max_cat_to_onehot: 4]
[top_k: 20]
[monotone_constraints: ]
[monotone_constraints_method: basic]
[monotone_penalty: 0]
[feature_contri: ]
[forcedsplits_filename: ]
[refit_decay_rate: 0.9]
[cegb_tradeoff: 1]
[cegb_penalty_split: 0]
[cegb_penalty_feature_lazy: ]
[cegb_penalty_feature_coupled: ]
[path_smooth: 0]
[interaction_constraints: ]
[verbosity: -1]
[saved_feature_importance_type: 0]
[use_quantized_grad: 0]
[num_grad_quant_bins: 4]
[quant_train_renew_leaf: 0]
[stochastic_rounding: 1]
[linear_tree: 0]
[max_bin: 127]
[max_bin_by_feature: ]
[min_data_in_bin: 3]
[bin_construct_sample_cnt: 200000]
[data_random_seed: 175]
[is_enable_sparse: 1]
[enable_bundle: 1]
[use_missing: 1]
[zero_as_missing: 0]
[feature_pre_filter: 1]
[pre_partition: 0]
[two_round: 0]
[header: 0]
[label_column: ]
[weight_column: ]
[group_column: ]
[ignore_column: ]
[categorical_feature: 0]
[forcedbins_filename: ]
[precise_float_parser: 0]
[parser_config_file: ]
[objective_seed: 16083]
[num_class: 1]
[is_unbalance: 0]
[scale_pos_weight: 1]
[sigmoid: 1]
[boost_from_average: 1]
[reg_sqrt: 0]
[alpha: 0.9]
[fair_c: 1]
[poisson_max_delta_step: 0.7]
[tweedie_variance_power: 1.5]
[lambdarank_truncation_level: 30]
[lambdarank_norm: 1]
[label_gain: ]
[lambdarank_position_bias_regularization: 0]
[eval_at: ]
[multi_error_top_k: 1]
[auc_mu_weights: ]
[num_machines: 1]
[local_listen_port: 12400]
[time_out: 120]
[machine_list_filename: ]
[machines: ]
[gpu_platform_id: -1]
[gpu_device_id: -1]
[gpu_device_id_list: ]
[gpu_use_dp: 0]
[num_gpu: 1]

end of parameters

pandas_categorical:null
