tree
version=v4
num_class=1
num_tree_per_iteration=1
label_index=0
max_feature_idx=6
objective=regression_l1
feature_names=Column_0 Column_1 Column_2 Column_3 Column_4 Column_5 Column_6
feature_infos=-1:2:12:4:8:1:3:0:11:6:13:10 [3.3672957420349121:8.4383659362792969] [0:4.1743874549865723] [0:2.6390573978424072] [0:10.525633811950684] [0:10.396454811096191] [0:2.1972246170043945]
tree_sizes=707 750 752 744 751 742 750 752 751 754 753 756 750 751 748 765 753 749 772 782 782 781 778 777 766 778 779 779 777 782 784 782 783 779 796 777 778 778 777 755 777 779 779 768 780 782 780 782 783 784 784 787 786 779 780 781 768 776 770 782 773 782 776 777 777 767 779 782 779 783 783 777 775 781 784 776 782 798 794 782 777 779 784 792 794 780 779 762 775 762 770 764 764 757 786 764 764 754 773 777

Tree=0
num_leaves=7
num_cat=0
split_feature=5 6 4 3 5 1
split_gain=444.683 143.793 40.4853 32.0418 21.2417 8.23086
threshold=6.9936635494232187 1.8688347935676577 6.8825995922088632 1.0000000180025095e-35 6.8715484142303476 4.2268071174621591
decision_type=2 2 2 2 2 2
left_child=1 3 4 5 -3 -1
right_child=-2 2 -4 -5 -6 -7
leaf_value=7.0653353118896485 6.9518421554565428 6.912076721191406 6.9239360809326174 7.058594627380371 6.9207161331176756 6.9212631797790527
leaf_weight=23 679 797 71 64 72 139
leaf_count=23 679 797 71 64 72 139
internal_value=6.9218 6.90684 6.89998 6.93513 6.89762 6.92509
internal_weight=1845 1166 940 226 869 162
internal_count=1845 1166 940 226 869 162
is_linear=0
shrinkage=1


Tree=1
num_leaves=7
num_cat=0
split_feature=5 6 4 3 5 1
split_gain=417.532 131.866 38.8229 32.0418 22.2163 8.23086
threshold=7.0877943038940439 1.8688347935676577 6.8979392051696786 1.0000000180025095e-35 6.8715484142303476 4.2268071174621591
decision_type=2 2 2 2 2 2
left_child=1 3 4 5 -3 -1
right_child=-2 2 -4 -5 -6 -7
leaf_value=0.13779743041992187 0.029227281951904303 -0.0093095306396484296 0.0053342075347900322 0.13132637329101562 -0.0010369812011718693 -0.0005118164062499986
leaf_weight=23 666 799 64 64 90 139
leaf_count=23 666 799 64 64 90 139
internal_value=0.000496492 -0.0137826 -0.0202706 0.0133333 -0.0224303 0.00329412
internal_weight=1845 1179 953 226 889 162
internal_count=1845 1179 953 226 889 162
is_linear=0
shrinkage=0.04


Tree=2
num_leaves=7
num_cat=0
split_feature=5 6 4 3 5 1
split_gain=400.178 124.083 37.1141 33.0522 20.5641 9.37564
threshold=7.0877943038940439 1.8688347935676577 6.8979392051696786 1.0000000180025095e-35 6.8715484142303476 6.6326584815979013
decision_type=2 2 2 2 2 2
left_child=1 3 4 -1 -3 -2
right_child=5 2 -4 -5 -6 -7
leaf_value=0.0043205726013183466 0.026779799789428724 -0.0089371494140624824 0.0051208392333984424 0.12607331835937502 -0.00099550195312499319 0.028777222961425791
leaf_weight=162 376 799 64 64 90 290
leaf_count=162 376 799 64 64 90 290
internal_value=0.000669185 -0.0133109 -0.0196046 0.0129915 -0.0217168 0.0252819
internal_weight=1845 1179 953 226 889 666
internal_count=1845 1179 953 226 889 666
is_linear=0
shrinkage=0.04


Tree=3
num_leaves=7
num_cat=0
split_feature=5 6 4 3 5 1
split_gain=382.865 115.319 35.0315 34.0754 18.5884 10.4083
threshold=7.0877943038940439 1.8688347935676577 6.8979392051696786 1.0000000180025095e-35 6.8715484142303476 6.6326584815979013
decision_type=2 2 2 2 2 2
left_child=1 3 4 -1 -3 -2
right_child=5 2 -4 -5 -6 -7
leaf_value=0.0041477496972656168 0.025708607797851571 -0.0085796634374999663 0.004916005664062517 0.121030385625 -0.00095568187499999629 0.02762613404296875
leaf_weight=162 376 799 64 64 90 290
leaf_count=162 376 799 64 64 90 290
internal_value=0.000971398 -0.0127043 -0.0187721 0.0126496 -0.020825 0.0250445
internal_weight=1845 1179 953 226 889 666
internal_count=1845 1179 953 226 889 666
is_linear=0
shrinkage=0.04


Tree=4
num_leaves=7
num_cat=0
split_feature=5 6 4 3 5 1
split_gain=378.773 113.506 34.4184 34.0754 18.0151 10.4083
threshold=7.0877943038940439 1.8688347935676577 6.8979392051696786 1.0000000180025095e-35 6.8715484142303476 6.6326584815979013
decision_type=2 2 2 2 2 2
left_child=1 3 4 -1 -3 -2
right_child=5 2 -4 -5 -6 -7
leaf_value=0.0039818397093749885 0.024680263485937496 -0.0082364768999999786 0.0047193654375000098 0.11618917020000001 -0.00091745459999998508 0.026521088681250013
leaf_weight=162 376 799 64 64 90 290
leaf_count=162 376 799 64 64 90 290
internal_value=0.00110092 -0.0125021 -0.0185224 0.0126496 -0.0205574 0.0250445
internal_weight=1845 1179 953 226 889 666
internal_count=1845 1179 953 226 889 666
is_linear=0
shrinkage=0.04


Tree=5
num_leaves=7
num_cat=0
split_feature=5 6 3 4 5 1
split_gain=363.264 108.741 34.0754 32.8093 16.53 11.8419
threshold=7.0877943038940439 1.8688347935676577 1.0000000180025095e-35 6.8979392051696786 6.8715484142303476 6.266247272491456
decision_type=2 2 2 2 2 2
left_child=1 2 -1 4 -3 -2
right_child=5 3 -4 -5 -6 -7
leaf_value=0.003822566120999973 0.023866936384610363 -0.0079070178239999938 0.111541603392 0.0045305908199999934 -0.00088075641599999705 0.025074636460904322
leaf_weight=162 198 799 64 64 90 468
leaf_count=162 198 799 64 64 90 468
internal_value=0.00135996 -0.0119629 0.0126496 -0.0178564 -0.0198439 0.0248071
internal_weight=1845 1179 226 953 889 666
internal_count=1845 1179 226 953 889 666
is_linear=0
shrinkage=0.04


Tree=6
num_leaves=7
num_cat=0
split_feature=5 6 3 4 5 1
split_gain=346.099 105.233 34.0754 31.4373 17.6087 13.9141
threshold=7.0877943038940439 1.8688347935676577 1.0000000180025095e-35 7.1511852741241464 6.8715484142303476 6.2998640537261972
decision_type=2 2 2 2 2 2
left_child=1 2 -1 4 -3 -2
right_child=5 3 -4 -5 -6 -7
leaf_value=0.0036696634761599614 0.022494330233547223 -0.0075788829392870486 0.10707993925631999 0.023682367370305463 -0.00094055026824673153 0.02413807441860584
leaf_weight=162 208 800 64 42 111 458
leaf_count=162 208 800 64 42 111 458
internal_value=0.0014463 -0.0115586 0.0126496 -0.0173569 -0.0189336 0.0243323
internal_weight=1845 1179 226 953 911 666
internal_count=1845 1179 226 953 911 666
is_linear=0
shrinkage=0.04


Tree=7
num_leaves=7
num_cat=0
split_feature=5 6 4 3 5 1
split_gain=338.477 95.8343 34.6482 31.8233 19.6831 10.9709
threshold=7.1655223369598398 1.8688347935676577 7.4995520114898691 1.0000000180025095e-35 6.8715484142303476 6.6326584815979013
decision_type=2 2 2 2 2 2
left_child=1 3 4 -1 -3 -2
right_child=5 2 -4 -5 -6 -7
leaf_value=0.0035228769371135728 0.023241409517491471 -0.0072638734499626528 0.022238656583574292 0.10279674168606719 -0.00074742540089648205 0.023494502354337178
leaf_weight=162 348 801 49 64 132 289
leaf_count=162 348 801 49 64 132 289
internal_value=0.00157582 -0.0108553 -0.0162424 0.0123077 -0.0179809 0.0249922
internal_weight=1845 1208 982 226 933 637
internal_count=1845 1208 982 226 933 637
is_linear=0
shrinkage=0.04


Tree=8
num_leaves=7
num_cat=0
split_feature=5 6 4 3 5 1
split_gain=326.159 90.5222 32.9308 31.8233 20.4077 10.9709
threshold=7.1655223369598398 1.8688347935676577 7.4995520114898691 1.0000000180025095e-35 6.7074215412139901 6.6326584815979013
decision_type=2 2 2 2 2 2
left_child=1 3 4 -1 -3 -2
right_child=5 2 -4 -5 -6 -7
leaf_value=0.003381961859629037 0.022311753136791807 -0.0090498871154797555 0.021349110320231332 0.098684872018624512 -0.0016805023498547556 0.022554722260163692
leaf_weight=162 348 656 49 64 277 289
leaf_count=162 348 656 49 64 277 289
internal_value=0.00200756 -0.0101974 -0.0154343 0.0123077 -0.0171307 0.0249922
internal_weight=1845 1208 982 226 933 637
internal_count=1845 1208 982 226 933 637
is_linear=0
shrinkage=0.04


Tree=9
num_leaves=7
num_cat=0
split_feature=5 6 4 3 5 1
split_gain=316.608 87.4071 31.9709 31.8233 16.9962 11.5426
threshold=7.1655223369598398 1.8688347935676577 6.8979392051696786 1.0000000180025095e-35 6.7074215412139901 6.6326584815979013
decision_type=2 2 2 2 2 2
left_child=1 3 4 -1 -3 -2
right_child=5 2 -4 -5 -6 -7
leaf_value=0.0032466833852438626 0.021419283011320119 -0.0087157770678722817 0.0034468615112069755 0.094737477137879514 -0.0015746704504529952 0.021652533369757129
leaf_weight=162 348 655 79 64 248 289
leaf_count=162 348 655 79 64 248 289
internal_value=0.00222342 -0.00980263 -0.0149495 0.0123077 -0.0170801 0.0248682
internal_weight=1845 1208 982 226 903 637
internal_count=1845 1208 982 226 903 637
is_linear=0
shrinkage=0.04


Tree=10
num_leaves=7
num_cat=0
split_feature=5 6 4 3 5 1
split_gain=311.956 83.6923 31.4211 29.6481 21.3572 12.1243
threshold=7.1655223369598398 1.8688347935676577 7.4995520114898691 1.0000000180025095e-35 6.6608002185821542 6.6326584815979013
decision_type=2 2 2 2 2 2
left_child=1 3 4 -1 -3 -2
right_child=5 2 -4 -5 -6 -7
leaf_value=0.0031168160498340927 0.020562511690867317 -0.0089488300977062351 0.020357271446973826 0.09094797805236432 -0.0014354663169686788 0.020786432034966856
leaf_weight=162 348 611 49 64 322 289
leaf_count=162 348 611 49 64 322 289
internal_value=0.00226659 -0.00967105 -0.0147071 0.0119658 -0.0163656 0.0247442
internal_weight=1845 1208 982 226 933 637
internal_count=1845 1208 982 226 933 637
is_linear=0
shrinkage=0.04


Tree=11
num_leaves=7
num_cat=0
split_feature=5 6 4 3 5 5
split_gain=303.655 80.2039 30.2705 29.6481 18.4012 13.0924
threshold=7.1655223369598398 1.8688347935676577 7.4995520114898691 1.0000000180025095e-35 6.6608002185821542 6.3058423995971689
decision_type=2 2 2 2 2 2
left_child=1 3 4 -1 5 -3
right_child=-2 2 -4 -5 -6 -7
leaf_value=0.0029921434078407218 0.019796775596333197 -0.0058938287065421237 0.019542980589094868 0.087310058930269746 -0.0013780476642899231 -0.010234134034911264
leaf_weight=162 637 266 49 64 322 345
leaf_count=162 637 266 49 64 322 345
internal_value=0.00256881 -0.00921053 -0.0141414 0.0119658 -0.0157705 -0.0198384
internal_weight=1845 1208 982 226 933 611
internal_count=1845 1208 982 226 933 611
is_linear=0
shrinkage=0.04


Tree=12
num_leaves=7
num_cat=0
split_feature=5 6 1 4 5 5
split_gain=293.145 73.31 29.1993 28.6625 15.6518 14.6755
threshold=7.1655223369598398 1.8688347935676577 4.135134458541871 7.4995520114898691 6.6608002185821542 6.3058423995971689
decision_type=2 2 2 2 2 2
left_child=1 2 -1 4 5 -3
right_child=-2 3 -4 -5 -6 -7
leaf_value=0.090882132586242573 0.019004904572479865 -0.0056580755582804447 0.0029742528680602831 0.018761261365531075 -0.0013229257577183162 -0.0098247686735147971
leaf_weight=55 637 266 171 49 322 345
leaf_count=55 637 266 171 49 322 345
internal_value=0.00295737 -0.00861842 0.0116239 -0.0133333 -0.0149203 -0.0186753
internal_weight=1845 1208 226 982 933 611
internal_count=1845 1208 226 982 933 611
is_linear=0
shrinkage=0.04


Tree=13
num_leaves=7
num_cat=0
split_feature=5 6 1 4 5 5
split_gain=288.533 71.4361 29.1993 28.031 16.3881 14.8875
threshold=7.1655223369598398 1.8688347935676577 4.135134458541871 7.4995520114898691 6.6608002185821542 6.3058423995971689
decision_type=2 2 2 2 2 2
left_child=1 2 -1 4 5 -3
right_child=-2 3 -4 -5 -6 -7
leaf_value=0.087246847282792861 0.018244708389580672 -0.0054317525359492439 0.0028552827533378888 0.018010810910909818 -0.0012700087274095751 -0.0094317779265741929
leaf_weight=55 637 266 171 49 322 345
leaf_count=55 637 266 171 49 322 345
internal_value=0.00313006 -0.00835526 0.0116239 -0.0130101 -0.0145802 -0.0184168
internal_weight=1845 1208 226 982 933 611
internal_count=1845 1208 226 982 933 611
is_linear=0
shrinkage=0.04


Tree=14
num_leaves=7
num_cat=0
split_feature=5 6 1 4 5 5
split_gain=272.94 66.8563 29.1993 23.7097 13.4505 14.6328
threshold=7.1655223369598398 1.8688347935676577 4.135134458541871 7.4995520114898691 6.6608002185821542 6.3058423995971689
decision_type=2 2 2 2 2 2
left_child=1 2 -1 4 5 -3
right_child=-2 3 -4 -5 -6 -7
leaf_value=0.08375697339148111 0.017514920053997435 -0.0052144824345112892 0.0027410714432043906 0.017290378474473442 -0.0012192083783131836 -0.009054506809511231
leaf_weight=55 637 266 171 49 322 345
leaf_count=55 637 266 171 49 322 345
internal_value=0.00347545 -0.00769737 0.0116239 -0.012202 -0.0136451 -0.0171244
internal_weight=1845 1208 226 982 933 611
internal_count=1845 1208 226 982 933 611
is_linear=0
shrinkage=0.04


Tree=15
num_leaves=7
num_cat=1
split_feature=5 5 0 4 5 1
split_gain=262.976 64.014 31.3305 26.1756 17.095 13.318
threshold=7.1655223369598398 4.6847612857818612 0 6.8122534751892099 6.8715484142303476 6.6326584815979013
decision_type=2 2 9 2 2 2
left_child=1 2 -1 4 -3 -2
right_child=5 3 -4 -5 -6 -7
leaf_value=0.07099333767481604 0.01675755887873695 -0.0062628030691131899 -0.0029662077485875927 0.00034398060073923984 0.0011559986362138731 0.016972522409072505
leaf_weight=102 348 724 129 180 73 289
leaf_count=102 348 724 129 180 73 289
internal_value=0.003864 -0.00710526 0.0115481 -0.0115736 -0.0146584 0.0244961
internal_weight=1845 1208 231 977 797 637
internal_count=1845 1208 231 977 797 637
cat_boundaries=0 1
cat_threshold=3
is_linear=0
shrinkage=0.04


Tree=16
num_leaves=7
num_cat=0
split_feature=5 1 4 6 5 1
split_gain=264.074 62.0391 22.336 18.7887 14.6506 13.318
threshold=7.1655223369598398 4.135134458541871 7.4995520114898691 1.8688347935676577 6.6198971271514901 6.6326584815979013
decision_type=2 2 2 2 2 2
left_child=1 -1 3 -3 -5 -2
right_child=5 2 -4 4 -6 -7
leaf_value=0.069156659740333165 0.016087256523587463 0.0027500768954197242 0.017897347909016793 -0.0078149380109971394 -0.0010347570412898932 0.016293621512709605
leaf_weight=72 348 163 56 574 343 289
leaf_count=72 348 163 56 574 343 289
internal_value=0.00382083 -0.00717105 -0.00951049 -0.0108088 -0.0130162 0.0244961
internal_weight=1845 1208 1136 1080 917 637
internal_count=1845 1208 1136 1080 917 637
is_linear=0
shrinkage=0.04


Tree=17
num_leaves=7
num_cat=0
split_feature=5 6 1 4 5 1
split_gain=265.306 60.0229 30.9641 22.7099 13.7821 12.6638
threshold=7.1655223369598398 1.8688347935676577 4.135134458541871 7.4995520114898691 6.6198971271514901 6.6326584815979013
decision_type=2 2 2 2 2 2
left_child=1 2 -1 4 -3 -2
right_child=5 3 -4 -5 -6 -7
leaf_value=0.074800694559215938 0.015443766262643948 -0.0075023404905572378 0.0026568012671127051 0.015869110195104279 -0.0011469984193723448 0.015641876652201212
leaf_weight=55 348 582 171 49 351 289
leaf_count=55 348 582 171 49 351 289
internal_value=0.00364814 -0.00736842 0.0109402 -0.0116364 -0.0130499 0.0243721
internal_weight=1845 1208 226 982 933 637
internal_count=1845 1208 226 982 933 637
is_linear=0
shrinkage=0.04


Tree=18
num_leaves=7
num_cat=1
split_feature=5 6 1 4 5 0
split_gain=254.531 56.6566 30.9641 25.0459 13.1344 14.0432
threshold=7.1655223369598398 1.8688347935676577 4.135134458541871 6.6222493648529062 6.8715484142303476 0
decision_type=2 2 2 2 2 9
left_child=1 2 -1 4 5 -3
right_child=-2 3 -4 -5 -6 -7
leaf_value=0.07180866677684733 0.01488277998523877 -0.0085322482743040596 0.0025505292164281811 -0.00017598898150648524 0.0013157041411254156 -0.0029696757950560125
leaf_weight=55 637 294 171 285 50 353
leaf_count=55 637 294 171 285 50 353
internal_value=0.00395035 -0.00684211 0.0109402 -0.0109899 -0.0150355 -0.0165496
internal_weight=1845 1208 226 982 697 647
internal_count=1845 1208 226 982 697 647
cat_boundaries=0 1
cat_threshold=281
is_linear=0
shrinkage=0.04


Tree=19
num_leaves=7
num_cat=1
split_feature=5 3 0 1 4 5
split_gain=251.303 55.6747 24.9974 22.3626 18.918 15.6324
threshold=7.1655223369598398 0.89587974548339855 0 6.6470394134521493 6.0248389244079599 6.3537559509277353
decision_type=2 2 9 2 2 2
left_child=1 2 3 5 -5 -1
right_child=-2 -3 -4 4 -6 -7
leaf_value=-0.0052968857123749302 0.014287468785829205 0.068647871772033187 -0.0011931819752204653 -0.0069630691840546176 0.00032174642258354425 -0.0092218993528533841
leaf_weight=64 637 50 698 102 128 166
leaf_count=64 637 50 698 102 128 166
internal_value=0.00407987 -0.00664474 -0.00850772 -0.0155649 -0.00672269 -0.0245378
internal_weight=1845 1208 1158 460 230 230
internal_count=1845 1208 1158 460 230 230
cat_boundaries=0 1
cat_threshold=2313
is_linear=0
shrinkage=0.04


Tree=20
num_leaves=7
num_cat=1
split_feature=5 3 0 1 4 6
split_gain=243.175 55.3027 24.7964 21.5069 18.918 16.1238
threshold=7.1655223369598398 0.89587974548339855 0 6.6470394134521493 6.0248389244079599 2.1383330821990971
decision_type=2 2 9 2 2 2
left_child=1 2 3 -1 -5 -4
right_child=-2 -3 5 4 -6 -7
leaf_value=-0.0083320787834023236 0.013715970034396037 0.065901956901151873 0.0082034894630453083 -0.0066845464166924275 0.00030887656568019396 -0.0018146611737189745
leaf_weight=230 637 50 135 102 128 563
leaf_count=230 637 50 135 102 128 563
internal_value=0.0040367 -0.00651316 -0.0083705 -0.0153975 -0.00672269 -0.00335196
internal_weight=1845 1208 1158 460 230 698
internal_count=1845 1208 1158 460 230 698
cat_boundaries=0 1
cat_threshold=2313
is_linear=0
shrinkage=0.04


Tree=21
num_leaves=7
num_cat=1
split_feature=5 3 0 1 4 5
split_gain=242.247 55.4885 25.504 20.6147 17.9053 15.0119
threshold=7.1655223369598398 0.89587974548339855 0 6.6470394134521493 6.0248389244079599 6.3537559509277353
decision_type=2 2 9 2 2 2
left_child=1 2 3 5 -5 -1
right_child=-2 -3 -4 4 -6 -7
leaf_value=-0.0047517271325438412 0.013167331233020186 0.063265878625105784 -0.0010728682492628927 -0.0064171645600247379 0.00029652150305299331 -0.008519740227403148
leaf_weight=64 637 50 698 102 128 166
leaf_count=64 637 50 698 102 128 166
internal_value=0.00395035 -0.00657895 -0.00843911 -0.0155649 -0.00705882 -0.0242017
internal_weight=1845 1208 1158 460 230 230
internal_count=1845 1208 1158 460 230 230
cat_boundaries=0 1
cat_threshold=2313
is_linear=0
shrinkage=0.04


Tree=22
num_leaves=7
num_cat=1
split_feature=5 3 0 1 4 5
split_gain=238.053 54.7467 25.0972 22.4175 15.359 15.2646
threshold=7.1655223369598398 0.89587974548339855 0 6.9072551727294931 6.0248389244079599 5.9172034263610849
decision_type=2 2 9 2 2 2
left_child=1 2 3 5 -5 -1
right_child=-2 -3 -4 4 -6 -7
leaf_value=-0.0040992623756651806 0.012640637983699392 0.060735243480101529 -0.001029953519292377 -0.0050189679678581105 0.00030608284746943328 -0.0081789506183070054
leaf_weight=58 637 50 698 89 125 188
leaf_count=58 637 50 698 89 125 188
internal_value=0.00412304 -0.00631579 -0.00816467 -0.0152301 -0.00576577 -0.023622
internal_weight=1845 1208 1158 460 214 246
internal_count=1845 1208 1158 460 214 246
cat_boundaries=0 1
cat_threshold=2313
is_linear=0
shrinkage=0.04


Tree=23
num_leaves=7
num_cat=1
split_feature=5 3 0 1 5 4
split_gain=237.01 54.562 26.8383 21.5069 15.0119 14.6934
threshold=7.1655223369598398 0.89587974548339855 0 6.6470394134521493 6.3537559509277353 6.0248389244079599
decision_type=2 2 9 2 2 2
left_child=1 2 3 4 -1 -5
right_child=-2 -3 -4 5 -6 -7
leaf_value=-0.004316093787362636 0.012135012464351433 0.058305833740897484 -0.00098875537852066491 -0.0059597192589093953 -0.007851792593574736 0.00027241732903210192
leaf_weight=64 637 50 698 102 166 128
leaf_count=64 637 50 698 102 166 128
internal_value=0.00416622 -0.00625 -0.00809605 -0.0153975 -0.0242017 -0.00672269
internal_weight=1845 1208 1158 460 230 230
internal_count=1845 1208 1158 460 230 230
cat_boundaries=0 1
cat_threshold=2313
is_linear=0
shrinkage=0.04


Tree=24
num_leaves=7
num_cat=2
split_feature=5 3 0 1 5 0
split_gain=229.774 53.2767 25.4911 20.2722 19.2209 13.1919
threshold=7.1655223369598398 0.89587974548339855 0 5.1209788322448739 5.9172034263610849 1
decision_type=2 2 9 2 2 9
left_child=1 2 3 4 -1 -5
right_child=-2 -3 -4 5 -6 -7
leaf_value=0.0013882164684440924 0.011649611965777389 0.055973600391261584 -0.00094920516337982264 -8.9161911414628036e-05 -0.0086379326055300073 -0.00654568430193498
leaf_weight=38 637 50 698 182 140 100
leaf_count=38 637 50 698 182 140 100
internal_value=0.00446843 -0.00578947 -0.00761578 -0.014728 -0.0253763 -0.008
internal_weight=1845 1208 1158 460 178 282
internal_count=1845 1208 1158 460 178 282
cat_boundaries=0 1 2
cat_threshold=2313 2304
is_linear=0
shrinkage=0.04


Tree=25
num_leaves=7
num_cat=1
split_feature=5 3 0 1 5 6
split_gain=224.796 52.73 24.5814 21.9557 13.6992 12.4717
threshold=7.1655223369598398 0.89587974548339855 0 6.9072551727294931 5.9172034263610849 2.1383330821990971
decision_type=2 2 9 2 2 2
left_child=1 2 3 4 -1 -4
right_child=-2 -3 5 -5 -6 -7
leaf_value=-0.0036594987724742367 0.011183627487146311 0.05373465637561111 0.0080369811769417862 -0.0010744383019876125 -0.0072620563103820146 -0.0015804434343519701
leaf_weight=58 637 50 135 214 188 563
leaf_count=58 637 50 135 214 188 563
internal_value=0.00455478 -0.00559211 -0.00740995 -0.0143933 -0.0226772 -0.0024581
internal_weight=1845 1208 1158 460 246 698
internal_count=1845 1208 1158 460 246 698
cat_boundaries=0 1
cat_threshold=2313
is_linear=0
shrinkage=0.04


Tree=26
num_leaves=7
num_cat=1
split_feature=5 3 0 1 5 4
split_gain=222.771 52.367 23.2045 23.9247 13.6992 12.7895
threshold=7.1655223369598398 0.89587974548339855 0 6.9072551727294931 5.9172034263610849 6.0248389244079599
decision_type=2 2 9 2 2 2
left_child=1 2 3 4 -1 -5
right_child=-2 -3 -4 5 -6 -7
leaf_value=-0.003513118821575283 0.010736282387660445 0.051585270120586703 -0.0008842634061247168 -0.0045144092440058967 -0.0069715740579667342 0.00032948684894545721
leaf_weight=58 637 50 698 89 188 125
leaf_count=58 637 50 698 89 188 125
internal_value=0.00464112 -0.00546053 -0.00727273 -0.0140586 -0.0226772 -0.00432432
internal_weight=1845 1208 1158 460 246 214
internal_count=1845 1208 1158 460 246 214
cat_boundaries=0 1
cat_threshold=2313
is_linear=0
shrinkage=0.04


Tree=27
num_leaves=7
num_cat=1
split_feature=5 3 0 1 5 1
split_gain=217.947 53.1856 20.7895 23.5282 19.2209 15.2456
threshold=6.9936635494232187 0.89587974548339855 0 5.1209788322448739 5.9172034263610849 6.3412404060363778
decision_type=2 2 9 2 2 2
left_child=1 2 3 4 -1 -2
right_child=5 -3 -4 -5 -6 -7
leaf_value=0.0016195925134682909 0.0080523814773542316 0.049521859315763236 -0.0010064951017625034 -0.0017103257123929083 -0.0077230700865748682 0.010308747977530005
leaf_weight=38 235 50 660 278 140 444
leaf_count=38 235 50 660 278 140 444
internal_value=0.00477064 -0.00572402 -0.00761566 -0.0140084 -0.0253763 0.0226492
internal_weight=1845 1166 1116 456 178 679
internal_count=1845 1166 1116 456 178 679
cat_boundaries=0 1
cat_threshold=2313
is_linear=0
shrinkage=0.04


Tree=28
num_leaves=7
num_cat=1
split_feature=5 3 0 1 5 4
split_gain=210.962 50.9193 24.985 24.4022 19.2209 13.5046
threshold=7.3072106838226327 0.89587974548339855 0 5.1209788322448739 5.9172034263610849 7.4995520114898691
decision_type=2 2 9 2 2 2
left_child=1 2 3 4 -1 -4
right_child=-2 -3 5 -5 -6 -7
leaf_value=0.0015548088129295578 0.010063818148683091 0.047540984943132684 -0.0010317426767421267 -0.0016812326759626118 -0.0074141472831118632 0.013763227421364679
leaf_weight=38 609 50 647 283 140 78
leaf_count=38 609 50 647 283 140 78
internal_value=0.00455478 -0.00495177 -0.00670017 -0.0137787 -0.0253763 -0.00188425
internal_weight=1845 1236 1186 461 178 725
internal_count=1845 1236 1186 461 178 725
cat_boundaries=0 1
cat_threshold=2313
is_linear=0
shrinkage=0.04


Tree=29
num_leaves=7
num_cat=1
split_feature=5 3 0 1 5 4
split_gain=205.287 50.2221 24.5339 25.9455 19.2209 13.7706
threshold=7.3072106838226327 0.89587974548339855 0 5.1209788322448739 5.9172034263610849 6.0248389244079599
decision_type=2 2 9 2 2 2
left_child=1 2 3 4 -1 -5
right_child=-2 -3 -4 5 -6 -7
leaf_value=0.0014926164604123927 0.0096612654227357809 0.04563934554540737 -0.00040312867713517166 -0.0051002868791016455 -0.0071175813917873929 0.00015615587588285962
leaf_weight=38 609 50 725 118 140 165
leaf_count=38 609 50 725 118 140 165
internal_value=0.0046843 -0.00469453 -0.00643216 -0.0134447 -0.0253763 -0.00591065
internal_weight=1845 1236 1186 461 178 283
internal_count=1845 1236 1186 461 178 283
cat_boundaries=0 1
cat_threshold=2313
is_linear=0
shrinkage=0.04


Tree=30
num_leaves=7
num_cat=1
split_feature=5 3 0 1 5 4
split_gain=198.747 50.0485 25.0122 25.9455 19.2209 13.7706
threshold=7.3072106838226327 0.89587974548339855 0 5.1209788322448739 5.9172034263610849 6.0248389244079599
decision_type=2 2 9 2 2 2
left_child=1 2 3 4 -1 -5
right_child=-2 -3 -4 5 -6 -7
leaf_value=0.0014329118019958998 0.0092748148058263528 0.043813771723591091 -0.00038700353004976761 -0.0048962754039375868 -0.0068328781361159056 0.00014990964084756088
leaf_weight=38 609 50 725 118 140 165
leaf_count=38 609 50 725 118 140 165
internal_value=0.00459795 -0.00463023 -0.00636516 -0.0134447 -0.0253763 -0.00591065
internal_weight=1845 1236 1186 461 178 283
internal_count=1845 1236 1186 461 178 283
cat_boundaries=0 1
cat_threshold=2313
is_linear=0
shrinkage=0.04


Tree=31
num_leaves=7
num_cat=1
split_feature=5 3 0 1 5 4
split_gain=185.085 49.8751 24.3093 26.7777 13.1961 12.9292
threshold=7.3072106838226327 0.89587974548339855 0 6.9072551727294931 5.9172034263610849 7.4995520114898691
decision_type=2 2 9 2 2 2
left_child=1 2 3 4 -1 -4
right_child=-2 -3 5 -5 -6 -7
leaf_value=-0.0032268302470604836 0.0089038222135933154 0.042061220854647419 -0.00095886768138502281 -0.00068306116415385533 -0.0056651027502144478 0.013244303612797506
leaf_weight=58 609 50 647 215 188 78
leaf_count=58 609 50 647 215 188 78
internal_value=0.00433891 -0.00456592 -0.00629816 -0.0132777 -0.0223622 -0.00156124
internal_weight=1845 1236 1186 461 246 725
internal_count=1845 1236 1186 461 246 725
cat_boundaries=0 1
cat_threshold=2313
is_linear=0
shrinkage=0.04


Tree=32
num_leaves=7
num_cat=1
split_feature=5 3 0 1 5 4
split_gain=178.004 49.5292 24.0853 27.5305 19.2209 13.5271
threshold=7.3072106838226327 0.89587974548339855 0 5.1209788322448739 5.9172034263610849 6.0248389244079599
decision_type=2 2 9 2 2 2
left_child=1 2 3 4 -1 -5
right_child=-2 -3 -4 5 -6 -7
leaf_value=0.0015046685397984661 0.0085476693250495835 0.040378772020461542 -0.00033316868159236182 -0.0046731019412139217 -0.0063329589006626994 0.00021396142188667255
leaf_weight=38 609 50 725 118 140 165
leaf_count=38 609 50 725 118 140 165
internal_value=0.00429574 -0.0044373 -0.00616415 -0.0131106 -0.0253763 -0.00536082
internal_weight=1845 1236 1186 461 178 283
internal_count=1845 1236 1186 461 178 283
cat_boundaries=0 1
cat_threshold=2313
is_linear=0
shrinkage=0.04


Tree=33
num_leaves=7
num_cat=1
split_feature=5 1 0 1 5 5
split_gain=164.962 50.2289 17.7419 26.2182 22.5899 14.7752
threshold=6.9936635494232187 3.6762205362319951 0 5.1209788322448739 5.9172034263610849 7.543140411376954
decision_type=2 2 9 2 2 2
left_child=1 -1 3 4 -3 -2
right_child=5 2 -4 -5 -6 -7
leaf_value=0.039271414566156723 0.0024467481528860271 0.0041597356281625865 -0.00085387743828032822 -0.0013987907786044218 -0.0060796405446362023 0.0090460805751966331
leaf_weight=46 212 40 661 279 140 467
leaf_count=46 212 40 661 279 140 467
internal_value=0.00395035 -0.00517888 -0.00695035 -0.0128302 -0.0246809 0.0195051
internal_weight=1845 1166 1120 459 180 679
internal_count=1845 1166 1120 459 180 679
cat_boundaries=0 1
cat_threshold=2313
is_linear=0
shrinkage=0.04


Tree=34
num_leaves=7
num_cat=1
split_feature=5 1 0 1 3 4
split_gain=137.952 48.1073 18.21 24.1813 14.2381 10.8897
threshold=7.2117128372192392 3.6762205362319951 0 6.9072551727294931 1.0000000180025095e-35 5.9273293018341073
decision_type=2 2 9 2 2 2
left_child=1 -1 3 4 -3 -5
right_child=-2 2 -4 5 -6 -7
leaf_value=0.037700557983510449 0.0079542708254933987 -0.004990777819616099 -0.00061367733174762403 -0.0035281098920309619 0.019787588922768506 0.00044425493444357758
leaf_weight=46 624 233 712 77 14.999999999999998 138
leaf_count=46 624 233 712 77 15 138
internal_value=0.00343227 -0.00439382 -0.00605241 -0.0120582 -0.020625 -0.00233184
internal_weight=1845 1221 1175 463 248 215
internal_count=1845 1221 1175 463 248 215
cat_boundaries=0 1
cat_threshold=2313
is_linear=0
shrinkage=0.04


Tree=35
num_leaves=7
num_cat=1
split_feature=5 3 0 1 5 4
split_gain=114.069 45.8947 19.531 25.1064 17.3159 14.2215
threshold=7.2117128372192392 0.89587974548339855 0 5.1209788322448739 5.9172034263610849 7.7761857509613046
decision_type=2 2 9 2 2 2
left_child=1 2 3 4 -1 -2
right_child=5 -3 -4 -5 -6 -7
leaf_value=0.0014777234858646792 0.0055328902650495062 0.035684742237656338 -0.00056792857739750957 -0.0013161683377720835 -0.0056368238100660941 0.012011726294215598
leaf_weight=38 500 50 711 282 140 124
leaf_count=38 500 50 711 282 140 124
internal_value=0.00265515 -0.00445891 -0.0061408 -0.0123849 -0.024086 0.0164557
internal_weight=1845 1221 1171 460 178 624
internal_count=1845 1221 1171 460 178 624
cat_boundaries=0 1
cat_threshold=2313
is_linear=0
shrinkage=0.04


Tree=36
num_leaves=7
num_cat=1
split_feature=5 3 0 2 5 1
split_gain=99.356 46.7315 17.3213 17.3816 16.5156 16.0381
threshold=7.0877943038940439 0.89587974548339855 0 3.3140207529067998 7.8211166858673105 7.1800696849823007
decision_type=2 2 9 2 2 2
left_child=1 2 3 -1 -2 -4
right_child=4 -3 5 -5 -6 -7
leaf_value=0.067736648092823232 0.0040593197468141544 0.034257352548150093 -0.0018932139691085225 -0.0060735977348186409 0.018271532953772863 0.00093848251434199177
leaf_weight=22 545 50 747 201 121 159
leaf_count=22 545 50 747 201 121 159
internal_value=0.00222342 -0.00475147 -0.00650836 -0.0160996 0.0144807 -0.00380952
internal_weight=1845 1179 1129 223 666 906
internal_count=1845 1179 1129 223 666 906
cat_boundaries=0 1
cat_threshold=2057
is_linear=0
shrinkage=0.04


Tree=37
num_leaves=7
num_cat=1
split_feature=5 3 5 0 1 5
split_gain=90.6516 46.0965 18.3429 15.703 26.6506 14.5283
threshold=6.9936635494232187 0.89587974548339855 7.8211166858673105 0 6.9072551727294931 8.4815974235534686
decision_type=2 2 2 9 2 2
left_child=1 3 -2 4 -1 -4
right_child=2 -3 5 -5 -6 -7
leaf_value=-0.0044952900400244116 0.0033768887195125253 0.032887058446224061 0.018003077137408674 -0.0006845309551544432 -0.00059392800075265485 -0.011514240453487971
leaf_weight=246 558 50 104 660 210 17
leaf_count=246 558 50 104 660 210 17
internal_value=0.00226659 -0.00449744 0.0137991 -0.00626335 -0.0118143 0.0275969
internal_weight=1845 1166 679 1116 456 121
internal_count=1845 1166 679 1116 456 121
cat_boundaries=0 1
cat_threshold=2313
is_linear=0
shrinkage=0.04


Tree=38
num_leaves=7
num_cat=1
split_feature=5 3 4 0 1 5
split_gain=77.4167 44.558 17.4269 16.7566 27.8634 19.7899
threshold=7.2117128372192392 0.89587974548339855 7.786579132080079 0 5.1209788322448739 5.9172034263610849
decision_type=2 2 2 9 2 2
left_child=1 3 -2 4 5 -1
right_child=2 -3 -4 -5 -6 -7
leaf_value=0.0018413700574238235 0.0049028510016163552 0.031571576108375084 0.011103497341096898 -0.00048450495949154516 -0.0012785000520471712 -0.005083180765370887
leaf_weight=38 509 50 115 711 282 140
leaf_count=38 509 50 115 711 282 140
internal_value=0.00192121 -0.00393816 0.0132911 -0.00559796 -0.0113808 -0.0236559
internal_weight=1845 1221 624 1171 460 178
internal_count=1845 1221 624 1171 460 178
cat_boundaries=0 1
cat_threshold=2313
is_linear=0
shrinkage=0.04


Tree=39
num_leaves=7
num_cat=0
split_feature=5 1 4 4 5 5
split_gain=69.1043 45.6579 22.5715 16.4067 14.4154 13.4951
threshold=7.543140411376954 4.0517470836639413 6.6222493648529062 4.7780005931854257 7.8211166858673105 8.4815974235534686
decision_type=2 2 2 2 2 2
left_child=1 -1 3 -3 -2 -6
right_child=4 2 -4 -5 5 -7
leaf_value=0.030964554891432669 0.005242809303431066 2.9854448097665908e-07 0.00053431477009354463 -0.0037084862743004977 0.016838814158268461 -0.011423368894280018
leaf_weight=62 346 262 454 600 104 17
leaf_count=62 346 262 454 600 104 17
internal_value=0.00157582 -0.00294372 -0.00459215 -0.00836782 0.0147368 0.0263566
internal_weight=1845 1378 1316 862 467 121
internal_count=1845 1378 1316 862 467 121
is_linear=0
shrinkage=0.04


Tree=40
num_leaves=7
num_cat=1
split_feature=0 5 1 1 1 5
split_gain=64.753 39.9368 30.9167 30.1468 25.5658 28.0278
threshold=0 7.8464987277984628 4.0517470836639413 7.0979623794555673 5.1209788322448739 5.8581376075744638
decision_type=9 2 2 2 2 2
left_child=1 2 -1 -4 5 -2
right_child=4 -3 3 -5 -6 -7
leaf_value=0.02978334574265034 0.0054434601113444361 0.017774470669852622 0.0002414956346843411 0.0074790153428149963 -0.0012044072964649466 -0.0048620392913035814
leaf_weight=59 43 106 1085 110 296 146
leaf_count=59 43 106 1085 110 296 146
internal_value=0.00157582 0.00603774 0.00399366 0.00249377 -0.0107356 -0.022132
internal_weight=1845 1360 1254 1195 485 189
internal_count=1845 1360 1254 1195 485 189
cat_boundaries=0 1
cat_threshold=4118
is_linear=0
shrinkage=0.04


Tree=41
num_leaves=7
num_cat=1
split_feature=0 5 1 1 5 1
split_gain=61.3368 38.5157 31.5191 24.4601 27.2336 22.9555
threshold=0 7.8464987277984628 4.0517470836639413 5.1209788322448739 5.8581376075744638 7.0979623794555673
decision_type=9 2 2 2 2 2
left_child=1 2 -1 4 -2 -4
right_child=3 -3 5 -5 -6 -7
leaf_value=0.028592011912944314 0.0052257217068906667 0.017063491843058519 0.00023183580929696745 -0.0011562310046063652 -0.0046675577196514341 0.007179854729102395
leaf_weight=59 43 106 1085 296 146 110
leaf_count=59 43 106 1085 296 146 110
internal_value=0.00140313 0.00574746 0.0037401 -0.0105765 -0.0217259 0.00222776
internal_weight=1845 1360 1254 485 189 1195
internal_count=1845 1360 1254 485 189 1195
cat_boundaries=0 1
cat_threshold=4118
is_linear=0
shrinkage=0.04


Tree=42
num_leaves=7
num_cat=1
split_feature=0 5 1 1 5 4
split_gain=58.4361 39.3394 29.341 23.3788 23.0972 21.8807
threshold=0 7.8464987277984628 4.0517470836639413 5.1209788322448739 5.8581376075744638 7.4995520114898691
decision_type=9 2 2 2 2 2
left_child=1 2 -1 4 -2 -4
right_child=3 -3 5 -5 -6 -7
leaf_value=0.027448331436426516 0.0050166928386150287 0.016380952169336195 -0.00073103676733737193 -0.0011099817644221056 -0.0044808554108653814 0.0046835365365000747
leaf_weight=59 43 106 633 296 146 562
leaf_count=59 43 106 633 296 146 562
internal_value=0.00127361 0.00551524 0.00348653 -0.0104175 -0.0213198 0.00202826
internal_weight=1845 1360 1254 485 189 1195
internal_count=1845 1360 1254 485 189 1195
cat_boundaries=0 1
cat_threshold=4118
is_linear=0
shrinkage=0.04


Tree=43
num_leaves=7
num_cat=0
split_feature=5 3 4 2 1 1
split_gain=55.4725 44.0681 20.2338 13.7696 15.1687 11.5588
threshold=7.579820156097413 0.89587974548339855 7.1511852741241464 4.1190040111541757 4.6774799823760995 5.9864487648010263
decision_type=2 2 2 2 2 2
left_child=1 2 -1 4 -2 -4
right_child=3 -3 5 -5 -6 -7
leaf_value=-0.0015872856792481472 -0.025210094898148905 0.025930667038832737 -0.014006619648398893 0.0049743820388810887 0.01563409648108827 0.005203184667741923
leaf_weight=1107 11.999999999999998 53 30 302 115 226
leaf_count=1107 12 53 30 302 115 226
internal_value=0.00135996 -0.00247191 -0.00393873 0.0138215 0.0245926 0.00606061
internal_weight=1845 1416 1363 429 127 256
internal_count=1845 1416 1363 429 127 256
is_linear=0
shrinkage=0.04


Tree=44
num_leaves=7
num_cat=1
split_feature=0 5 1 1 5 1
split_gain=54.1615 32.6854 29.1953 20.2812 20.9727 19.4013
threshold=0 7.8464987277984628 4.0517470836639413 5.1209788322448739 5.8581376075744638 6.0991966724395761
decision_type=9 2 2 2 2 2
left_child=1 2 -1 4 -2 -4
right_child=3 -3 5 -5 -6 -7
leaf_value=0.02531317149741618 0.0048795165522403398 0.015100350223319214 -0.00075301463809029912 -0.0010020910666752947 -0.0042381297672608297 0.0034279880107221674
leaf_weight=59 43 106 601 296 146 594
leaf_count=59 43 106 601 296 146 594
internal_value=0.00131678 0.00539913 0.00354992 -0.00994036 -0.0201015 0.00209476
internal_weight=1845 1360 1254 485 189 1195
internal_count=1845 1360 1254 485 189 1195
cat_boundaries=0 1
cat_threshold=4118
is_linear=0
shrinkage=0.04


Tree=45
num_leaves=7
num_cat=1
split_feature=5 1 5 5 4 0
split_gain=49.0556 39.3473 16.2649 14.9114 14.2316 12.9732
threshold=7.579820156097413 3.6762205362319951 6.6198971271514901 6.3058423995971689 6.6222493648529062 0
decision_type=2 2 2 2 2 9
left_child=1 -1 3 -3 5 -5
right_child=-2 2 -4 4 -6 -7
leaf_value=0.024185898543769541 0.0064151743756880823 -0.00085393851649843814 0.00027133999413202046 -0.0018493702114652066 0.0075843459028791926 -0.0045931434757259379
leaf_weight=49 429 434 611 127 24 171
leaf_count=49 429 434 611 127 24 171
internal_value=0.00118726 -0.00241573 -0.00375273 -0.00764398 -0.0140606 -0.0164706
internal_weight=1845 1416 1367 756 322 298
internal_count=1845 1416 1367 756 322 298
cat_boundaries=0 1
cat_threshold=4096
is_linear=0
shrinkage=0.04


Tree=46
num_leaves=7
num_cat=1
split_feature=0 5 1 1 1 5
split_gain=45.5407 32.5197 27.9466 20.3176 16.4925 18.2988
threshold=0 7.8464987277984628 4.0517470836639413 7.1800696849823007 5.1209788322448739 5.8581376075744638
decision_type=9 2 2 2 2 2
left_child=1 2 -1 -4 5 -2
right_child=4 -3 3 -5 -6 -7
leaf_value=0.023333208695768732 0.0047184934308106821 0.01423972923935894 4.6209673039854237e-06 0.0067615831370379451 -0.00097286102377355029 -0.0038848788375413436
leaf_weight=59 43 106 1115 80 296 146
leaf_count=59 43 106 1115 80 296 146
internal_value=0.00101457 0.00476052 0.00291601 0.00149626 -0.00930417 -0.0184772
internal_weight=1845 1360 1254 1195 485 189
internal_count=1845 1360 1254 1195 485 189
cat_boundaries=0 1
cat_threshold=4118
is_linear=0
shrinkage=0.04


Tree=47
num_leaves=7
num_cat=1
split_feature=0 5 1 1 1 5
split_gain=45.1669 32.7079 28.0888 18.5094 16.4925 18.2988
threshold=0 7.8464987277984628 4.0517470836639413 7.1800696849823007 5.1209788322448739 5.8581376075744638
decision_type=9 2 2 2 2 2
left_child=1 2 -1 -4 5 -2
right_child=4 -3 3 -5 -6 -7
leaf_value=0.022399880347937967 0.0045297536935782643 0.013670140069784597 4.4361286118288492e-06 0.0064911198115564159 -0.00093394658282262453 -0.0037294836840396782
leaf_weight=59 43 106 1115 80 296 146
leaf_count=59 43 106 1115 80 296 146
internal_value=0.000971398 0.00470247 0.00285261 0.00142976 -0.00930417 -0.0184772
internal_weight=1845 1360 1254 1195 485 189
internal_count=1845 1360 1254 1195 485 189
cat_boundaries=0 1
cat_threshold=4118
is_linear=0
shrinkage=0.04


Tree=48
num_leaves=7
num_cat=1
split_feature=0 5 1 1 1 4
split_gain=43.0454 31.0535 28.3739 15.6999 15.1865 11.0471
threshold=0 7.8464987277984628 4.0517470836639413 6.9072551727294931 6.9617698192596444 6.0248389244079599
decision_type=9 2 2 2 2 2
left_child=1 2 -1 -2 -4 -5
right_child=3 -3 4 5 -6 -7
leaf_value=0.021503885134020424 -0.0029259090458270266 0.013123334466993217 -7.8365723440292358e-05 -0.002720992678976799 0.0058751279891293071 0.00094478214264526628
leaf_weight=59 263 106 1037 97 158 125
leaf_count=59 263 106 1037 97 158 125
internal_value=0.000885051 0.0045283 0.00272583 -0.00914513 0.00129676 -0.0013913
internal_weight=1845 1360 1254 485 1195 222
internal_count=1845 1360 1254 485 1195 222
cat_boundaries=0 1
cat_threshold=4118
is_linear=0
shrinkage=0.04


Tree=49
num_leaves=7
num_cat=1
split_feature=5 1 4 4 0 4
split_gain=39.4792 39.0803 14.0189 12.593 17.1203 16.9203
threshold=7.579820156097413 3.6762205362319951 7.1511852741241464 4.7780005931854257 0 6.3912079334259042
decision_type=2 2 2 2 9 2
left_child=1 -1 3 -3 5 -5
right_child=-2 2 -4 4 -6 -7
leaf_value=0.020528983634909608 0.0055668142349303553 0.00061370712722670368 0.0031590001976893236 0.0044585678041690006 -0.0042847618865881646 -0.0012593650545377599
leaf_weight=49 429 273 255 68 367 404
leaf_count=49 429 273 255 68 367 404
internal_value=0.000928225 -0.00230337 -0.00363636 -0.00557143 -0.00798111 -0.00261224
internal_weight=1845 1416 1367 1112 839 472
internal_count=1845 1416 1367 1112 839 472
cat_boundaries=0 1
cat_threshold=4352
is_linear=0
shrinkage=0.04


Tree=50
num_leaves=7
num_cat=1
split_feature=0 1 5 1 1 4
split_gain=35.4809 25.2445 28.2382 15.5393 15.3485 12.3974
threshold=0 3.6762205362319951 7.8211166858673105 6.9617698192596444 6.9072551727294931 5.9273293018341073
decision_type=9 2 2 2 2 2
left_child=1 -1 3 -3 -2 -6
right_child=4 2 -4 -5 5 -7
leaf_value=0.019707824289513242 -0.0027584980818124195 -0.00019148480658945033 0.011236329819530688 0.0053441416655331513 -0.0027707920704806632 0.000857287100374009
leaf_weight=49 263 1038 118 155 84 138
leaf_count=49 263 1038 118 155 84 138
internal_value=0.000755532 0.00406386 0.00294162 0.00103247 -0.0083499 -0.000695652
internal_weight=1845 1360 1311 1193 485 222
internal_count=1845 1360 1311 1193 485 222
cat_boundaries=0 1
cat_threshold=4118
is_linear=0
shrinkage=0.04


Tree=51
num_leaves=7
num_cat=1
split_feature=0 1 5 1 1 4
split_gain=34.5762 25.2445 28.2382 15.5393 14.7163 10.5933
threshold=0 3.6762205362319951 7.8211166858673105 6.9617698192596444 6.9072551727294931 5.9273293018341073
decision_type=9 2 2 2 2 2
left_child=1 -1 3 -3 -2 -6
right_child=4 2 -4 -5 5 -7
leaf_value=0.018919511317932704 -0.0026481581585399284 -0.00018382541432586665 0.010786876626749447 0.0051303759989118096 -0.0026599603876614531 0.00082299561635906576
leaf_weight=49 263 1038 118 155 84 138
leaf_count=49 263 1038 118 155 84 138
internal_value=0.000798705 0.00406386 0.00294162 0.00103247 -0.00819085 -0.000695652
internal_weight=1845 1360 1311 1193 485 222
internal_count=1845 1360 1311 1193 485 222
cat_boundaries=0 1
cat_threshold=4118
is_linear=0
shrinkage=0.04


Tree=52
num_leaves=7
num_cat=1
split_feature=0 1 5 1 1 4
split_gain=33.683 25.2445 26.2812 15.3601 14.0974 10.5933
threshold=0 3.6762205362319951 7.8211166858673105 6.9617698192596444 6.9072551727294931 5.9273293018341073
decision_type=9 2 2 2 2 2
left_child=1 -1 3 -3 -2 -6
right_child=4 2 -4 -5 5 -7
leaf_value=0.018162730865215408 -0.0025422318321983183 -0.00017647239775282487 0.010355401561679472 0.0049251609589553522 -0.0025535619721549808 0.00079007579170468749
leaf_weight=49 263 1038 118 155 84 138
leaf_count=49 263 1038 118 155 84 138
internal_value=0.000841878 0.00406386 0.00294162 0.00109908 -0.00803181 -0.000695652
internal_weight=1845 1360 1311 1193 485 222
internal_count=1845 1360 1311 1193 485 222
cat_boundaries=0 1
cat_threshold=4118
is_linear=0
shrinkage=0.04


Tree=53
num_leaves=7
num_cat=1
split_feature=0 1 5 1 2 4
split_gain=32.7231 25.5911 23.1188 14.0974 13.4746 10.5933
threshold=0 3.6762205362319951 7.579820156097413 6.9072551727294931 3.9415346384048466 5.9273293018341073
decision_type=9 2 2 2 2 2
left_child=1 -1 -3 -2 -4 -5
right_child=3 2 4 5 -6 -7
leaf_value=0.01743622163060678 -0.0024405425589104014 -0.00018219280159634366 0.014261216113543647 -0.0024514194932687872 0.0028422031142729056 0.00075847276003649712
leaf_weight=49 263 885 108 84 318 138
leaf_count=49 263 885 108 84 318 138
internal_value=0.000712358 0.0038897 0.00275967 -0.00803181 0.0103226 -0.000695652
internal_weight=1845 1360 1311 485 426 222
internal_count=1845 1360 1311 485 426 222
cat_boundaries=0 1
cat_threshold=4118
is_linear=0
shrinkage=0.04


Tree=54
num_leaves=7
num_cat=1
split_feature=1 5 4 4 0 4
split_gain=31.9998 36.7905 12.799 13.7854 14.8211 14.5511
threshold=3.6762205362319951 6.9671530723571786 4.7780005931854257 7.5016198158264169 0 6.3912079334259042
decision_type=2 2 2 2 9 2
left_child=-1 2 -2 4 5 -4
right_child=1 -3 3 -5 -6 -7
leaf_value=0.016738772765382492 0.00078084987562510478 0.0028283181126978717 0.0042838262238950441 0.016506724878725371 -0.0037535269129169891 -0.0011198716927356145
leaf_weight=49 252 689 62 43 357 393
leaf_count=49 252 689 62 43 357 393
internal_value=0.000669185 -0.000266075 -0.0047713 -0.00709154 -0.00829268 -0.00312896
internal_weight=1845 1796 1107 855 812 455
internal_count=1845 1796 1107 855 812 455
cat_boundaries=0 1
cat_threshold=4352
is_linear=0
shrinkage=0.04


Tree=55
num_leaves=7
num_cat=1
split_feature=1 5 0 1 4 4
split_gain=31.813 34.4799 12.3988 16.4092 11.9147 10.9627
threshold=3.6762205362319951 7.579820156097413 0 6.3412404060363778 7.1511852741241464 4.7780005931854257
decision_type=2 2 9 2 2 2
left_child=-1 4 -3 -4 5 -2
right_child=1 2 3 -5 -6 -7
leaf_value=0.016069221854767193 0.00058728386392324693 0.010259637109442289 -0.020640531728441405 0.0026197500935631981 0.0027746481806656931 -0.0014729527528686505
leaf_weight=49 273 117 29 283 255 839
leaf_count=49 273 117 29 283 255 839
internal_value=0.000755532 -0.000177384 0.00961098 0.00460606 -0.00328727 -0.00507143
internal_weight=1845 1796 429 312 1367 1112
internal_count=1845 1796 429 312 1367 1112
cat_boundaries=0 1
cat_threshold=4112
is_linear=0
shrinkage=0.04


Tree=56
num_leaves=7
num_cat=1
split_feature=1 5 0 1 4 4
split_gain=31.4408 33.247 12.3988 13.6935 11.2117 8.39897
threshold=3.6762205362319951 7.579820156097413 0 6.3412404060363778 7.1511852741241464 4.7780005931854257
decision_type=2 2 9 2 2 2
left_child=-1 4 -3 -4 5 -2
right_child=1 2 3 -5 -6 -7
leaf_value=0.0154264529805765 0.00056379250936632985 0.0098492516250646041 -0.01981491045930376 0.0025149600898206614 0.0026636622534390499 -0.0014140346427539187
leaf_weight=49 273 117 29 283 255 839
leaf_count=49 273 117 29 283 255 839
internal_value=0.000928225 0 0.00961098 0.00460606 -0.00305455 -0.00478571
internal_weight=1845 1796 429 312 1367 1112
internal_count=1845 1796 429 312 1367 1112
cat_boundaries=0 1
cat_threshold=4112
is_linear=0
shrinkage=0.04


Tree=57
num_leaves=7
num_cat=1
split_feature=1 5 0 1 4 4
split_gain=31.2553 31.396 12.9022 13.4137 10.8032 12.1658
threshold=3.6762205362319951 7.579820156097413 0 6.3412404060363778 6.6222493648529062 5.5847976207733163
decision_type=2 2 9 2 2 2
left_child=-1 4 -3 -4 5 -2
right_child=1 2 3 -5 -6 -7
leaf_value=0.014809394861353411 1.1205660320392497e-05 0.0094552815600620118 -0.019022314040931611 0.0024143616862278348 0.00044799161860222371 -0.0025673924245597844
leaf_weight=49 361 117 29 283 493 513
leaf_count=49 361 117 29 283 493 513
internal_value=0.00101457 8.86918e-05 0.00942792 0.00436364 -0.00288 -0.00553288
internal_weight=1845 1796 429 312 1367 874
internal_count=1845 1796 429 312 1367 874
cat_boundaries=0 1
cat_threshold=4112
is_linear=0
shrinkage=0.04


Tree=58
num_leaves=7
num_cat=2
split_feature=1 5 0 1 1 0
split_gain=30.8859 31.4392 12.3988 10.2184 10.0627 14.212
threshold=3.6762205362319951 7.579820156097413 0 7.214872121810914 5.8930158615112314 1
decision_type=2 2 9 2 2 9
left_child=-1 4 -3 -4 5 -2
right_child=1 2 3 -5 -6 -7
leaf_value=0.014217019066899254 -0.0018421180603288435 0.0090770702976595181 0.00061544402543692203 0.0048577270991498264 0.00020722988253140783 -0.00075815341191280087
leaf_weight=49 144 117 269 43 596 627
leaf_count=49 144 117 269 43 596 627
internal_value=0.00118726 0.000266075 0.00961098 0.00460606 -0.00270545 -0.00569961
internal_weight=1845 1796 429 312 1367 771
internal_count=1845 1796 429 312 1367 771
cat_boundaries=0 1 2
cat_threshold=4112 2304
is_linear=0
shrinkage=0.04


Tree=59
num_leaves=7
num_cat=1
split_feature=1 5 2 4 4 0
split_gain=27.8798 29.6397 12.4031 9.2897 11.2694 11.357
threshold=3.6762205362319951 7.579820156097413 3.9415346384048466 6.7581369876861581 4.7780005931854257 0
decision_type=2 2 2 2 2 9
left_child=-1 3 -3 4 -2 -6
right_child=1 2 -4 -5 5 -7
leaf_value=0.013648338304223273 0.00057111871905537017 0.011152251667072691 0.0024124955146414351 0.00046114082503720513 -0.0038998848147890541 -0.00098678822938584425
leaf_weight=49 273 111 318 468 143 483
leaf_count=49 273 111 318 468 143 483
internal_value=0.00123044 0.000354767 0.00942792 -0.00253091 -0.00489526 -0.00782334
internal_weight=1845 1796 429 1367 899 626
internal_count=1845 1796 429 1367 899 626
cat_boundaries=0 1
cat_threshold=2065
is_linear=0
shrinkage=0.04


Tree=60
num_leaves=7
num_cat=2
split_feature=1 5 0 1 1 0
split_gain=28.231 30.2821 15.6877 11.2373 10.5196 14.1984
threshold=3.6762205362319951 7.6165010929107675 0 6.9617698192596444 6.0991966724395761 1
decision_type=2 2 9 2 2 9
left_child=-1 4 -3 -4 5 -2
right_child=1 2 3 -5 -6 -7
leaf_value=0.013102404772054328 -0.0022011113882861011 0.010786119731832269 -0.00057143449698425996 0.0045224937851990532 0.00037767500657819752 -0.0005224587628392996
leaf_weight=49 262 108 192 104 574 556
leaf_count=49 262 108 192 104 574 556
internal_value=0.00105774 0.000177384 0.00970874 0.00407643 -0.00262857 -0.00552058
internal_weight=1845 1796 404 296 1392 818
internal_count=1845 1796 404 296 1392 818
cat_boundaries=0 1 2
cat_threshold=4112 2320
is_linear=0
shrinkage=0.04


Tree=61
num_leaves=7
num_cat=1
split_feature=1 4 5 5 0 4
split_gain=28.0551 28.5643 16.6209 11.5459 11.7985 12.0623
threshold=3.6762205362319951 7.786579132080079 6.6198971271514901 6.3058423995971689 0 6.5684945583343515
decision_type=2 2 2 2 9 2
left_child=-1 2 3 -2 -5 -6
right_child=1 -3 -4 4 5 -7
leaf_value=0.012578308581172166 -0.00051368327904427252 0.0058768649666654047 0.00066162486646216935 -0.0010083174479246536 -0.0031559227403297288 0.0014075154787789935
leaf_weight=49 431 124 919 137 165 20
leaf_count=49 431 124 919 137 165 20
internal_value=0.00114409 0.000266075 -0.00114286 -0.00551905 -0.0111515 -0.0171429
internal_weight=1845 1796 1672 753 322 185
internal_count=1845 1796 1672 753 322 185
cat_boundaries=0 1
cat_threshold=4096
is_linear=0
shrinkage=0.04


Tree=62
num_leaves=7
num_cat=1
split_feature=1 5 0 1 4 1
split_gain=28.0551 26.1696 15.6216 9.71044 9.52214 11.09
threshold=3.6762205362319951 7.6165010929107675 0 7.214872121810914 7.1511852741241464 5.9864487648010263
decision_type=2 2 9 2 2 2
left_child=-1 4 -3 -4 -2 -6
right_child=1 2 3 -5 5 -7
leaf_value=0.012075176237925263 -0.00084289121187469012 0.010328209947900487 3.7183555580959649e-05 0.0043595534485316991 -0.014161875621679663 0.0044184988839257146
leaf_weight=49 1112 108 253 43 36 244
leaf_count=49 1112 108 253 43 36 244
internal_value=0.00114409 0.000266075 0.00912621 0.00356688 -0.00234286 0.00416667
internal_weight=1845 1796 404 296 1392 280
internal_count=1845 1796 404 296 1392 280
cat_boundaries=0 1
cat_threshold=4112
is_linear=0
shrinkage=0.04


Tree=63
num_leaves=7
num_cat=1
split_feature=1 5 0 1 4 1
split_gain=27.7923 24.8214 16.2158 10.6141 8.33634 10.2563
threshold=3.6762205362319951 7.5995101928710946 0 6.2998640537261972 7.1511852741241464 5.9864487648010263
decision_type=2 2 9 2 2 2
left_child=-1 4 -3 -4 -2 -6
right_child=1 2 3 -5 5 -7
leaf_value=0.011592169188408264 -0.00080917556339970892 0.0092366218004216443 -0.018596243621907968 0.001739937205825548 -0.013670414766952134 0.0041705236882892648
leaf_weight=49 1112 111 25 280 33 235
leaf_count=49 1112 111 25 280 33 235
internal_value=0.00127361 0.000399113 0.00886792 0.00334365 -0.0021902 0.00405797
internal_weight=1845 1796 416 305 1380 268
internal_count=1845 1796 416 305 1380 268
cat_boundaries=0 1
cat_threshold=4112
is_linear=0
shrinkage=0.04


Tree=64
num_leaves=7
num_cat=1
split_feature=1 5 0 1 5 2
split_gain=25.0274 22.9385 16.7456 10.9509 7.94936 13.3852
threshold=3.6762205362319951 7.6165010929107675 0 6.8357219696044931 6.5464367866516122 4.0342013835906991
decision_type=2 2 9 2 2 2
left_child=-1 4 -3 -4 5 -2
right_child=1 2 3 -5 -6 -7
leaf_value=0.011128482420871961 0.0011072401690247348 0.0095456166779676194 -0.001039613956382084 0.0037791114626485544 0.00010010349811256702 -0.0030092746227182586
leaf_weight=49 243 108 138 158 715 434
leaf_count=49 243 108 138 158 715 434
internal_value=0.00127361 0.000443459 0.00873786 0.00305732 -0.002 -0.00508029
internal_weight=1845 1796 404 296 1392 677
internal_count=1845 1796 404 296 1392 677
cat_boundaries=0 1
cat_threshold=4112
is_linear=0
shrinkage=0.04


Tree=65
num_leaves=7
num_cat=2
split_feature=1 5 0 1 1 0
split_gain=24.8616 24.6273 13.9276 9.39016 8.18703 12.5013
threshold=3.6762205362319951 7.6165010929107675 0 7.214872121810914 6.0991966724395761 1
decision_type=2 2 9 2 2 9
left_child=-1 4 -3 -4 5 -2
right_child=1 2 3 -5 -6 -7
leaf_value=0.010683343124037067 -0.0019356094155829773 0.0091637920108489195 1.4102174866188478e-05 0.0039644093638514736 0.00032590482060964378 -0.00034063246060478392
leaf_weight=49 262 108 253 43 574 556
leaf_count=49 262 108 253 43 574 556
internal_value=0.00135996 0.000532151 0.00912621 0.00382166 -0.002 -0.00455206
internal_weight=1845 1796 404 296 1392 818
internal_count=1845 1796 404 296 1392 818
cat_boundaries=0 1 2
cat_threshold=4112 2320
is_linear=0
shrinkage=0.04


Tree=66
num_leaves=7
num_cat=1
split_feature=5 1 4 5 0 4
split_gain=19.9331 19.1282 16.4442 11.6041 8.60494 19.3952
threshold=8.2926144599914569 3.6762205362319951 7.4995520114898691 8.4815974235534686 0 5.5847976207733163
decision_type=2 2 2 2 9 2
left_child=1 -1 4 -2 -3 -6
right_child=3 2 -4 -5 5 -7
leaf_value=0.010256009399075552 0.015122692168303829 -9.4062703672488369e-05 0.0016074618421436427 -0.014230566247070548 0.00074508647228689997 -0.0033583624944260393
leaf_weight=49 46 722 607 17 165 239
leaf_count=49 46 722 607 17 165 239
internal_value=0.00118726 0.000357542 -0.00039058 0.0219718 -0.00324515 -0.00777251
internal_weight=1845 1782 1733 63 1126 404
internal_count=1845 1782 1733 63 1126 404
cat_boundaries=0 1
cat_threshold=4354
is_linear=0
shrinkage=0.04


Tree=67
num_leaves=7
num_cat=1
split_feature=5 1 5 5 2 0
split_gain=20.5176 13.7636 16.2255 11.6041 10.4641 19.671
threshold=8.2926144599914569 4.2268071174621591 6.5464367866516122 8.4815974235534686 4.0342013835906991 0
decision_type=2 2 2 2 2 9
left_child=1 -1 4 -2 -3 -6
right_child=3 2 -4 -5 5 -7
leaf_value=0.0042381698884477364 0.014517784481571674 0.00021459155328155789 0.00046288180937743563 -0.01366134359718771 -0.0034630755687342684 -0.0011242507093918875
leaf_weight=116 46 217 1027 17 111 311
leaf_count=116 46 217 1027 17 111 311
internal_value=0.000885051 4.46927e-05 -0.000908005 0.0219718 -0.00587326 -0.00948837
internal_weight=1845 1782 1666 63 639 422
internal_count=1845 1782 1666 63 639 422
cat_boundaries=0 1
cat_threshold=2065
is_linear=0
shrinkage=0.04


Tree=68
num_leaves=7
num_cat=1
split_feature=5 1 4 5 1 0
split_gain=18.6228 13.4475 14.6707 10.7079 8.79383 7.24113
threshold=8.2926144599914569 4.0517470836639413 7.4995520114898691 8.4815974235534686 7.2495698928833017 0
decision_type=2 2 2 2 2 9
left_child=1 -1 5 -2 -4 -3
right_child=3 2 4 -5 -6 -7
leaf_value=0.0098166040134633186 0.013937073102308802 -0.00022373707014590851 0.00088106972957614717 -0.013114889853300192 0.0037285982379875551 -0.0026117567626311455
leaf_weight=62 46 711 563 17 44 402
leaf_count=62 46 711 563 17 44 402
internal_value=0.000755532 -4.46927e-05 -0.000740741 0.0208451 0.00422764 -0.0034612
internal_weight=1845 1782 1720 63 607 1113
internal_count=1845 1782 1720 63 607 1113
cat_boundaries=0 1
cat_threshold=4354
is_linear=0
shrinkage=0.04


Tree=69
num_leaves=7
num_cat=1
split_feature=5 5 4 1 0 4
split_gain=18.6228 10.7079 10.3324 14.3539 8.97541 17.5144
threshold=8.2926144599914569 8.4815974235534686 7.4995520114898691 4.2268071174621591 0 5.5847976207733163
decision_type=2 2 2 2 9 2
left_child=2 -2 3 -1 5 -5
right_child=1 -3 -4 4 -6 -7
leaf_value=0.0042183580630761244 0.013379590178216461 -0.012590294259168182 0.0014823667660030005 0.00055066975447024544 -0.00025219634872657436 -0.0031516350253960115
leaf_weight=115 46 17 608 116 754 189
leaf_count=115 46 17 608 116 754 189
internal_value=0.000755532 0.0208451 -4.46927e-05 -0.0022335 -0.00371134 -0.00928793
internal_weight=1845 63 1782 1174 1059 305
internal_count=1845 63 1782 1174 1059 305
cat_boundaries=0 1
cat_threshold=2073
is_linear=0
shrinkage=0.04


Tree=70
num_leaves=7
num_cat=1
split_feature=5 5 1 0 1 4
split_gain=18.9441 10.7079 10.0927 12.0125 9.98631 8.31889
threshold=8.2926144599914569 8.4815974235534686 6.8772954940795907 0 4.0517470836639413 5.4445121288299569
decision_type=2 2 2 9 2 2
left_child=2 -2 3 4 -1 -5
right_child=1 -3 -4 5 -6 -7
leaf_value=0.0092808212225403957 0.012844406571087817 -0.012086682488801443 0.0010689787764925284 0.00015387524297331368 -0.00021840394550750374 -0.0021880457774293306
leaf_weight=59 46 17 446 92 1018 167
leaf_count=59 46 17 446 92 1018 167
internal_value=0.000582839 0.0208451 -0.000223464 -0.00196429 -3.65297e-05 -0.00938628
internal_weight=1845 63 1782 1336 1077 259
internal_count=1845 63 1782 1336 1077 259
cat_boundaries=0 1
cat_threshold=4118
is_linear=0
shrinkage=0.04


Tree=71
num_leaves=7
num_cat=1
split_feature=5 5 4 4 0 5
split_gain=19.0248 10.7079 10.1495 13.8267 15.1826 19.1213
threshold=8.2926144599914569 8.4815974235534686 7.4995520114898691 5.2357559204101571 0 6.5537812709808358
decision_type=2 2 2 2 9 2
left_child=2 -2 3 -1 5 -5
right_child=1 -3 -4 4 -6 -7
leaf_value=0.0012454528259045006 0.012330630308244288 -0.011603215189249384 0.0014171971151919927 -0.0030242524591381327 -0.00048342256247108751 0.0047969895347260132
leaf_weight=365 46 17 608 119 670 20
leaf_count=365 46 17 608 119 670 20
internal_value=0.000539665 0.0208451 -0.000268156 -0.00243655 -0.0053366 -0.0165605
internal_weight=1845 63 1782 1174 809 139
internal_count=1845 63 1782 1174 809 139
cat_boundaries=0 1
cat_threshold=2065
is_linear=0
shrinkage=0.04


Tree=72
num_leaves=7
num_cat=1
split_feature=5 4 1 5 1 0
split_gain=17.125 10.3675 13.1682 9.9687 9.21806 6.74084
threshold=8.2926144599914569 7.4995520114898691 4.0517470836639413 8.4417333602905291 7.214872121810914 0
decision_type=2 2 2 2 2 9
left_child=1 2 -1 -2 -3 -4
right_child=3 4 5 -5 -6 -7
leaf_value=0.0088597702606026014 0.011970042119840301 0.00064919633194151062 -0.0024410652452379368 0.0023954226708860207 0.0034151336074095795 -0.00022131266492984026
leaf_weight=61 37 553 313 26 55 800
leaf_count=61 37 553 313 26 55 800
internal_value=0.000453319 -0.000312849 -0.00250423 0.0197183 0.0038961 -0.00353256
internal_weight=1845 1782 1174 63 608 1113
internal_count=1845 1782 1174 63 608 1113
cat_boundaries=0 1
cat_threshold=2076
is_linear=0
shrinkage=0.04


Tree=73
num_leaves=7
num_cat=1
split_feature=5 1 6 5 0 5
split_gain=17.125 10.4438 11.9009 13.9265 10.2791 9.9687
threshold=8.2926144599914569 6.8772954940795907 1.8688347935676577 6.4762570858001718 0 8.4417333602905291
decision_type=2 2 2 2 9 2
left_child=1 2 -1 4 -4 -2
right_child=5 -3 3 -5 -6 -7
leaf_value=0.0082384650825026995 0.011491240435046705 0.0010723900376476791 -0.0026792570133079962 -9.241586864511931e-05 -0.00095787923836203608 0.0022996057640505894
leaf_weight=199 37 446 122 797 218 26
leaf_count=199 37 446 122 797 218 26
internal_value=0.000453319 -0.000312849 -0.00208333 -0.00366812 -0.0103448 0.0197183
internal_weight=1845 1782 1336 1137 340 63
internal_count=1845 1782 1336 1137 340 63
cat_boundaries=0 1
cat_threshold=2065
is_linear=0
shrinkage=0.04


Tree=74
num_leaves=7
num_cat=1
split_feature=5 1 0 6 5 5
split_gain=17.0485 10.2675 11.7096 16.5294 11.965 9.9687
threshold=8.2926144599914569 6.8772954940795907 0 1.8688347935676577 6.4762570858001718 8.4417333602905291
decision_type=2 2 9 2 2 2
left_child=1 2 -1 -4 -5 -2
right_child=5 -3 3 4 -6 -7
leaf_value=-0.0012746260769797323 0.011031590817644847 0.0010294944361417891 0.0085016541403354039 -0.0022673837231035423 2.8847210456426354e-05 0.0022076215334885774
leaf_weight=150 37 446 176 303 707 26
leaf_count=150 37 446 176 303 707 26
internal_value=0.000496492 -0.000268156 -0.00202381 -0.000598007 -0.00259332 0.0197183
internal_weight=1845 1782 1336 1186 1010 63
internal_count=1845 1782 1336 1186 1010 63
cat_boundaries=0 1
cat_threshold=2304
is_linear=0
shrinkage=0.04


Tree=75
num_leaves=7
num_cat=1
split_feature=5 5 4 1 1 0
split_gain=17.2786 9.9687 9.54273 13.1682 9.55776 6.74084
threshold=8.2926144599914569 8.4417333602905291 7.4995520114898691 4.0517470836639413 7.214872121810914 0
decision_type=2 2 2 2 2 9
left_child=2 -2 3 -1 -4 -5
right_child=1 -3 4 5 -6 -7
leaf_value=0.0078357746812649509 0.010590327184939064 0.0021193166721490187 0.00054857089991973147 -0.002348887592007074 0.0031944528841616206 -0.00015131069498499627
leaf_weight=61 37 26 553 313 55 800
leaf_count=61 37 26 553 313 55 800
internal_value=0.000366972 0.0197183 -0.000402235 -0.00250423 0.00363636 -0.00353256
internal_weight=1845 63 1782 1174 608 1113
internal_count=1845 63 1782 1174 608 1113
cat_boundaries=0 1
cat_threshold=2076
is_linear=0
shrinkage=0.04


Tree=76
num_leaves=7
num_cat=2
split_feature=5 1 0 6 5 0
split_gain=13.4208 10.2675 11.7096 16.5294 11.965 9.56968
threshold=8.2926144599914569 6.8772954940795907 0 1.8688347935676577 6.4762570858001718 1
decision_type=2 2 9 2 2 9
left_child=1 2 -1 -4 5 -5
right_child=-2 -3 3 4 -6 -7
leaf_value=-0.0012175886061011278 0.0098989604964672753 0.0010300316452000757 0.0078481569874713844 -0.0029490403962182301 7.7033875584575644e-06 -0.00054464597488575346
leaf_weight=150 63 446 176 105 707 198
leaf_count=150 63 446 176 105 707 198
internal_value=0.000410146 -0.000268156 -0.00202381 -0.000598007 -0.00259332 -0.00913183
internal_weight=1845 1782 1336 1186 1010 303
internal_count=1845 1782 1336 1186 1010 303
cat_boundaries=0 1 2
cat_threshold=2304 25
is_linear=0
shrinkage=0.04


Tree=77
num_leaves=7
num_cat=1
split_feature=5 1 1 1 0 5
split_gain=13.4208 9.58353 11.3058 8.68329 8.52697 6.25549
threshold=8.2926144599914569 6.8772954940795907 4.0517470836639413 4.7492611408233651 0 6.6198971271514901
decision_type=2 2 2 2 9 2
left_child=1 2 -1 -2 5 -4
right_child=3 -3 4 -5 -6 -7
leaf_value=0.0071828017223768371 -0.0061610768793691588 0.00098883037939206269 -0.0015174178914486448 0.011607301408870363 -0.0003907015326873875 0.00055216432278637484
leaf_weight=62 13.999999999999998 446 123 49 1125 26
leaf_count=62 14 446 123 49 1125 26
internal_value=0.000410146 -0.000268156 -0.00196429 0.0174648 -0.00280811 -0.0112575
internal_weight=1845 1782 1336 63 1274 149
internal_count=1845 1782 1336 63 1274 149
cat_boundaries=0 1
cat_threshold=2304
is_linear=0
shrinkage=0.04


Tree=78
num_leaves=7
num_cat=1
split_feature=5 1 4 1 1 0
split_gain=13.4887 8.95472 11.7985 9.63765 8.68329 7.37241
threshold=8.2926144599914569 4.0517470836639413 7.4995520114898691 7.214872121810914 4.7492611408233651 0
decision_type=2 2 2 2 2 9
left_child=1 -1 5 -4 -2 -3
right_child=4 2 3 -5 -6 -7
leaf_value=0.0068954896534817326 -0.0059146338041943915 -0.0021958381523374372 0.0005805481522639333 0.0029859202878114387 0.011143009352515562 -0.00013810560073938661
leaf_weight=62 13.999999999999998 313 552 55 49 800
leaf_count=62 14 313 552 55 49 800
internal_value=0.000366972 -0.000312849 -0.00087963 0.00357724 0.0174648 -0.00331847
internal_weight=1845 1782 1720 607 63 1113
internal_count=1845 1782 1720 607 63 1113
cat_boundaries=0 1
cat_threshold=2076
is_linear=0
shrinkage=0.04


Tree=79
num_leaves=7
num_cat=2
split_feature=5 1 0 6 5 0
split_gain=15.1084 9.41466 9.81672 15.2522 12.254 9.56968
threshold=8.2926144599914569 6.8772954940795907 0 1.8688347935676577 6.4762570858001718 1
decision_type=2 2 9 2 2 9
left_child=1 2 -1 -4 5 -5
right_child=-2 -3 3 4 -6 -7
leaf_value=-0.0011026641221695676 0.008860743247227347 0.00094042831318587262 0.0073385952227793538 -0.0028099264950324355 2.6500411236050069e-05 -0.00050170785055325239
leaf_weight=150 63 446 176 105 707 198
leaf_count=150 63 446 176 105 707 198
internal_value=0.000496492 -0.000223464 -0.00190476 -0.000598007 -0.00251473 -0.00913183
internal_weight=1845 1782 1336 1186 1010 303
internal_count=1845 1782 1336 1186 1010 303
cat_boundaries=0 1 2
cat_threshold=2304 25
is_linear=0
shrinkage=0.04


Tree=80
num_leaves=7
num_cat=0
split_feature=5 1 1 1 5 5
split_gain=13.3531 9.41466 9.63578 8.68329 8.61788 11.0562
threshold=8.2926144599914569 6.8772954940795907 4.0517470836639413 4.7492611408233651 6.4762570858001718 6.4314451217651376
decision_type=2 2 2 2 2 2
left_child=1 2 -1 -2 5 -4
right_child=3 -3 4 -5 -6 -7
leaf_value=0.0063261262584312309 -0.0060324781819157108 0.00090281118065844274 -0.0013037221508140106 0.010342859248525826 -1.9740022004874903e-05 -0.0019864251523386755
leaf_weight=62 13.999999999999998 446 395 49 814 65
leaf_count=62 14 446 395 49 814 65
internal_value=0.000453319 -0.000223464 -0.00190476 0.0174648 -0.00268331 -0.00700855
internal_weight=1845 1782 1336 63 1274 460
internal_count=1845 1782 1336 63 1274 460
is_linear=0
shrinkage=0.04


Tree=81
num_leaves=7
num_cat=0
split_feature=5 1 1 5 1 5
split_gain=13.0836 8.75401 9.73518 10.2904 8.68329 8.60773
threshold=8.2926144599914569 6.8772954940795907 4.2268071174621591 6.4762570858001718 4.7492611408233651 6.4314451217651376
decision_type=2 2 2 2 2 2
left_child=1 2 -1 5 -2 -4
right_child=4 -3 3 -5 -6 -7
leaf_value=0.0039826316458821155 -0.0057911790546390845 0.00086669873343209864 -0.0016967637214155217 6.6557579983062001e-06 0.0099291448785847787 -0.0019069681462451271
leaf_weight=116 13.999999999999998 446 367 788 49 65
leaf_count=116 14 446 367 788 49 65
internal_value=0.000626012 -4.46927e-05 -0.00166667 -0.00273616 0.0174648 -0.00763636
internal_weight=1845 1782 1336 1220 63 432
internal_count=1845 1782 1336 1220 63 432
is_linear=0
shrinkage=0.04


Tree=82
num_leaves=7
num_cat=1
split_feature=5 5 0 1 1 2
split_gain=15.1084 9.02197 7.48735 10.8364 8.10705 7.98611
threshold=8.2926144599914569 8.4815974235534686 0 7.1800696849823007 4.0517470836639413 3.6762205362319951
decision_type=2 2 9 2 2 2
left_child=2 -2 -1 4 -4 -5
right_child=1 -3 3 5 -6 -7
leaf_value=-0.0015827418756471446 0.0084434467910550377 -0.011294378680245423 0.0059137759422586813 -0.00049800051955884328 -0.00028360194622568003 0.0018946443626433052
leaf_weight=153 46 17 62 60 1343 164
leaf_count=153 46 17 62 60 1343 164
internal_value=0.000496492 0.0185915 -0.000223464 0.000607165 -0.000707714 0.00862069
internal_weight=1845 63 1782 1629 1405 224
internal_count=1845 63 1782 1629 1405 224
cat_boundaries=0 1
cat_threshold=2056
is_linear=0
shrinkage=0.04


Tree=83
num_leaves=7
num_cat=1
split_feature=5 1 0 1 1 4
split_gain=13.218 8.68329 7.75423 8.40329 8.04525 8.59182
threshold=8.2926144599914569 4.7492611408233651 0 7.1800696849823007 6.9072551727294931 5.4445121288299569
decision_type=2 2 9 2 2 2
left_child=2 -2 4 -4 5 -1
right_child=1 -3 3 -5 -6 -7
leaf_value=0.00010238554846011993 -0.005502513254669719 0.0091942412117991517 9.0818161844623542e-05 0.0025200610979951676 0.0001737527191933097 -0.0014476308827898344
leaf_weight=86 13.999999999999998 49 1229 89 216 162
leaf_count=86 14 49 1229 89 216 162
internal_value=0.000539665 0.0174648 -0.000134078 0.00143713 -0.00448133 -0.009375
internal_weight=1845 63 1782 1318 464 248
internal_count=1845 63 1782 1318 464 248
cat_boundaries=0 1
cat_threshold=2313
is_linear=0
shrinkage=0.04


Tree=84
num_leaves=7
num_cat=1
split_feature=5 5 0 1 1 2
split_gain=14.8931 9.02197 7.32557 8.40329 6.90526 6.71183
threshold=8.2926144599914569 8.4815974235534686 0 7.1800696849823007 4.0517470836639413 3.7256208658218388
decision_type=2 2 9 2 2 2
left_child=2 -2 -1 4 -4 -5
right_child=1 -3 3 5 -6 -7
leaf_value=-0.00070936393049979784 0.0078361782735458258 -0.010622503002848803 0.0056735921780945373 -0.00062364075908067924 -2.6407231444807167e-05 0.0030550505725508792
leaf_weight=464 46 17 60 12.999999999999998 1169 76
leaf_count=464 46 17 60 13 1169 76
internal_value=0.000626012 0.0185915 -8.93855e-05 0.00143713 0.000549717 0.0127835
internal_weight=1845 63 1782 1318 1229 89
internal_count=1845 63 1782 1318 1229 89
cat_boundaries=0 1
cat_threshold=2313
is_linear=0
shrinkage=0.04


Tree=85
num_leaves=7
num_cat=0
split_feature=5 1 1 5 5 2
split_gain=13.218 8.68329 7.34788 10.2248 12.6426 9.93817
threshold=8.2926144599914569 4.7492611408233651 4.0517470836639413 6.4951579570770273 6.3058423995971689 3.6762205362319951
decision_type=2 2 2 2 2 2
left_child=2 -2 -1 4 -4 -5
right_child=1 -3 3 5 -6 -7
leaf_value=0.0054466484909707451 -0.0052266862298968597 0.0085130244323853074 -9.9432056446211454e-05 -0.00048576002937949169 -0.0017771808809900591 0.00062500518952212758
leaf_weight=62 13.999999999999998 49 425 215 191 889
leaf_count=62 14 49 425 215 191 889
internal_value=0.000539665 0.0174648 -0.000134078 -0.000648148 -0.00474359 0.00165468
internal_weight=1845 63 1782 1720 616 1104
internal_count=1845 63 1782 1720 616 1104
is_linear=0
shrinkage=0.04


Tree=86
num_leaves=7
num_cat=0
split_feature=5 1 1 5 5 2
split_gain=13.3531 8.68329 7.45101 9.76938 12.6426 8.664
threshold=8.2926144599914569 4.7492611408233651 4.0517470836639413 6.4951579570770273 6.3058423995971689 3.6762205362319951
decision_type=2 2 2 2 2 2
left_child=2 -2 -1 4 -4 -5
right_child=1 -3 3 5 -6 -7
leaf_value=0.0052287825513319319 -0.0050176187807009854 0.0081725034550898818 -9.5454774188361569e-05 -0.00046632962820432057 -0.0017060936457504638 0.00060000498194124675
leaf_weight=62 13.999999999999998 49 425 215 191 889
leaf_count=62 14 49 425 215 191 889
internal_value=0.000453319 0.0174648 -0.000223464 -0.000740741 -0.00474359 0.00151079
internal_weight=1845 63 1782 1720 616 1104
internal_count=1845 63 1782 1720 616 1104
is_linear=0
shrinkage=0.04


Tree=87
num_leaves=7
num_cat=0
split_feature=5 5 1 5 5 2
split_gain=15.2527 9.02197 7.55479 9.3242 12.6426 7.4772
threshold=8.2926144599914569 8.4815974235534686 4.0517470836639413 6.4951579570770273 6.3058423995971689 3.6762205362319951
decision_type=2 2 2 2 2 2
left_child=2 -2 -1 4 -4 -5
right_child=1 -3 3 5 -6 -7
leaf_value=0.0050196312492786889 0.006855310027104977 -0.0097878306823109187 -9.1636583220839897e-05 -0.00044767644307615485 -0.0016378498999204539 0.00057600478266358831
leaf_weight=62 46 17 425 215 191 889
leaf_count=62 46 17 425 215 191 889
internal_value=0.000410146 0.0185915 -0.000312849 -0.000833333 -0.00474359 0.00136691
internal_weight=1845 63 1782 1720 616 1104
internal_count=1845 63 1782 1720 616 1104
is_linear=0
shrinkage=0.04


Tree=88
num_leaves=7
num_cat=0
split_feature=5 1 1 5 5 4
split_gain=11.7696 7.98747 7.50282 8.93727 11.8241 7.4859
threshold=8.2926144599914569 4.7492611408233651 4.0517470836639413 6.4951579570770273 6.3058423995971689 6.3664033412933358
decision_type=2 2 2 2 2 2
left_child=2 -2 -1 4 -4 -6
right_child=1 -3 3 -5 5 -7
leaf_value=0.004818845999307513 -0.0047582636163688366 0.0075713909158021406 -8.7971119891996357e-05 0.00020213703831521102 -0.0024254694289368929 -0.0012229382446218651
leaf_weight=62 13.999999999999998 49 425 1104 47 144
leaf_count=62 14 49 425 1104 47 144
internal_value=0.000366972 0.016338 -0.000268156 -0.000787037 -0.00461538 -0.0126633
internal_weight=1845 63 1782 1720 616 191
internal_count=1845 63 1782 1720 616 191
is_linear=0
shrinkage=0.04


Tree=89
num_leaves=7
num_cat=0
split_feature=4 2 1 3 5 5
split_gain=11.8421 8.45345 7.91742 8.63042 6.40762 10.6898
threshold=7.7761857509613046 3.2384861707687382 3.6762205362319951 1.4978661537170412 6.4951579570770273 6.3058423995971689
decision_type=2 2 2 2 2 2
left_child=2 -2 3 -1 5 -4
right_child=1 -3 4 -5 -6 -7
leaf_value=0.0051600544090910465 -0.0017543320350461222 0.0032398356173184342 -6.5766490515777322e-05 -0.0050097377662019224 0.00012210679074915021 -0.0015234183741387498
leaf_weight=30 28 107 431 18 1040 191
leaf_count=30 28 107 431 18 1040 191
internal_value=0.000410146 0.0114685 -0.000512224 0.0142857 -0.00100599 -0.00419048
internal_weight=1845 135 1710 48 1662 622
internal_count=1845 135 1710 48 1662 622
is_linear=0
shrinkage=0.04


Tree=90
num_leaves=7
num_cat=0
split_feature=4 1 1 3 5 5
split_gain=9.02667 9.70909 7.52799 8.63042 7.00881 10.1184
threshold=8.3512420654296893 4.7140145301818857 3.6762205362319951 1.4978661537170412 6.4951579570770273 6.3058423995971689
decision_type=2 2 2 2 2 2
left_child=2 -2 3 -1 5 -4
right_child=1 -3 4 -5 -6 -7
leaf_value=0.0049536522327274218 -0.01143403492695569 0.0074291987347531218 -6.262238265556164e-05 -0.0048093482555538712 0.00018916728515263161 -0.0014624816391732055
leaf_weight=30 11.999999999999998 24 432 18 1138 191
leaf_count=30 12 24 432 18 1138 191
internal_value=0.000280626 0.0181818 -0.0001541 0.0142857 -0.000610514 -0.00399366
internal_weight=1845 36 1809 48 1761 623
internal_count=1845 36 1809 48 1761 623
is_linear=0
shrinkage=0.04


Tree=91
num_leaves=7
num_cat=0
split_feature=4 1 3 1 5 5
split_gain=10.8578 7.48241 8.63042 7.2 6.17206 8.68076
threshold=8.3512420654296893 3.6762205362319951 1.4978661537170412 4.7140145301818857 6.4951579570770273 6.3058423995971689
decision_type=2 2 2 2 2 2
left_child=1 2 -1 -2 5 -3
right_child=3 4 -4 -5 -6 -7
leaf_value=0.0047555061434183445 -0.010976673529877452 -6.0117487349344854e-05 -0.0046169743253317106 0.0071320307853629927 0.00018160059374652704 -0.0014039823736062829
leaf_weight=30 11.999999999999998 432 18 24 1138 191
leaf_count=30 12 432 18 24 1138 191
internal_value=0.000366972 -0.000110072 0.0142857 0.02 -0.000565291 -0.0037401
internal_weight=1845 1809 48 36 1761 623
internal_count=1845 1809 48 36 1761 623
is_linear=0
shrinkage=0.04


Tree=92
num_leaves=7
num_cat=0
split_feature=4 1 3 1 5 5
split_gain=10.8578 7.48241 8.63042 7.2 6.17206 8.68076
threshold=8.3512420654296893 3.6762205362319951 1.4978661537170412 4.7140145301818857 6.4951579570770273 6.3058423995971689
decision_type=2 2 2 2 2 2
left_child=1 2 -1 -2 5 -3
right_child=3 4 -4 -5 -6 -7
leaf_value=0.0045652858976816188 -0.010537606588682351 -5.7712787855379588e-05 -0.0044322953523184341 0.0068467495539485061 0.00017433656999665814 -0.0013478230786620315
leaf_weight=30 11.999999999999998 432 18 24 1138 191
leaf_count=30 12 432 18 24 1138 191
internal_value=0.000366972 -0.000110072 0.0142857 0.02 -0.000565291 -0.0037401
internal_weight=1845 1809 48 36 1761 623
internal_count=1845 1809 48 36 1761 623
is_linear=0
shrinkage=0.04


Tree=93
num_leaves=7
num_cat=0
split_feature=4 1 3 1 4 1
split_gain=10.9055 7.52799 8.63042 7.2 6.30266 7.63717
threshold=8.3512420654296893 3.6762205362319951 1.4978661537170412 4.7140145301818857 7.4995520114898691 7.214872121810914
decision_type=2 2 2 2 2 2
left_child=1 2 -1 -2 -3 -6
right_child=3 4 -4 -5 5 -7
leaf_value=0.0043826744617743432 -0.010116102325135046 -0.00040802832321908513 -0.0042550035382257082 0.006572879571790544 0.00039120716629117427 0.0023524811765968678
leaf_weight=30 11.999999999999998 1156 18 24 550 55
leaf_count=30 12 1156 18 24 550 55
internal_value=0.000323799 -0.0001541 0.0142857 0.02 -0.000610514 0.00267537
internal_weight=1845 1809 48 36 1761 605
internal_count=1845 1809 48 36 1761 605
is_linear=0
shrinkage=0.04


Tree=94
num_leaves=7
num_cat=1
split_feature=4 1 3 1 1 0
split_gain=10.8101 7.43694 8.63042 7.2 6.21427 7.38705
threshold=8.3512420654296893 3.6762205362319951 1.4978661537170412 4.7140145301818857 6.8772954940795907 0
decision_type=2 2 2 2 2 9
left_child=1 2 -1 -2 5 -3
right_child=3 4 -4 -5 -6 -7
leaf_value=0.0042073674833033436 -0.0097114582321296446 0.00013573192207173791 -0.004084803396696657 0.0063099643889189495 0.00070453654102930585 -0.00085669439978403267
leaf_weight=30 11.999999999999998 746 18 24 448 567
leaf_count=30 12 746 18 24 448 567
internal_value=0.000410146 -6.60429e-05 0.0142857 0.02 -0.000520068 -0.00190765
internal_weight=1845 1809 48 36 1761 1313
internal_count=1845 1809 48 36 1761 1313
cat_boundaries=0 1
cat_threshold=4114
is_linear=0
shrinkage=0.04


Tree=95
num_leaves=7
num_cat=0
split_feature=4 1 3 1 5 5
split_gain=10.7626 7.3916 8.63042 7.2 6.52738 8.68076
threshold=8.3512420654296893 3.6762205362319951 1.4978661537170412 4.7140145301818857 6.4951579570770273 6.3058423995971689
decision_type=2 2 2 2 2 2
left_child=1 2 -1 -2 5 -3
right_child=3 4 -4 -5 -6 -7
leaf_value=0.0040390727839712069 -0.0093229999028444505 -5.3855312585522345e-05 -0.0039214112608287619 0.0060575658133621962 0.00018672739730066112 -0.0012433212465954213
leaf_weight=30 11.999999999999998 432 18 24 1138 191
leaf_count=30 12 432 18 24 1138 191
internal_value=0.000453319 -2.20143e-05 0.0142857 0.02 -0.000474845 -0.0037401
internal_weight=1845 1809 48 36 1761 623
internal_count=1845 1809 48 36 1761 623
is_linear=0
shrinkage=0.04


Tree=96
num_leaves=7
num_cat=0
split_feature=4 1 3 1 5 5
split_gain=10.8101 7.43694 8.63042 7.2 6.34849 8.68076
threshold=8.3512420654296893 3.6762205362319951 1.4978661537170412 4.7140145301818857 6.4951579570770273 6.3058423995971689
decision_type=2 2 2 2 2 2
left_child=1 2 -1 -2 5 -3
right_child=3 4 -4 -5 -6 -7
leaf_value=0.0038775098726123503 -0.0089500799067306867 -5.1701100082102157e-05 -0.0037645548103956371 0.0058152631808276924 0.00017925830140862685 -0.001193588396731613
leaf_weight=30 11.999999999999998 432 18 24 1138 191
leaf_count=30 12 432 18 24 1138 191
internal_value=0.000410146 -6.60429e-05 0.0142857 0.02 -0.000520068 -0.0037401
internal_weight=1845 1809 48 36 1761 623
internal_count=1845 1809 48 36 1761 623
is_linear=0
shrinkage=0.04


Tree=97
num_leaves=7
num_cat=0
split_feature=4 2 1 3 1 1
split_gain=7.90695 11.2407 7.96687 8.63042 6.02136 4.8128
threshold=7.7761857509613046 3.2384861707687382 3.6762205362319951 1.4978661537170412 5.5353620052337655 6.8772954940795907
decision_type=2 2 2 2 2 2
left_child=2 -2 3 -1 -3 -4
right_child=1 4 5 -5 -6 -7
leaf_value=0.0037224094777078419 -0.0017218313966459143 0.0061088616434989262 -0.00046239825246763289 -0.0036139726179798262 0.0010598116361769528 0.00060623086201374579
leaf_weight=30 28 28 1234 18 79 428
leaf_count=30 28 28 1234 18 79 428
internal_value=0.00019428 0.00923077 -0.000558789 0.0142857 0.0149565 -0.00105389
internal_weight=1845 135 1710 48 107 1662
internal_count=1845 135 1710 48 107 1662
is_linear=0
shrinkage=0.04


Tree=98
num_leaves=7
num_cat=0
split_feature=4 1 3 4 5 5
split_gain=8.98324 7.48241 8.63042 7.22424 6.17206 8.68076
threshold=8.3512420654296893 3.6762205362319951 1.4978661537170412 8.3998603820800799 6.4951579570770273 6.3058423995971689
decision_type=2 2 2 2 2 2
left_child=1 2 -1 -2 5 -3
right_child=3 4 -4 -5 -6 -7
leaf_value=0.0035735130985995057 0.008563115296850228 -3.6701584049136927e-05 -0.0034694137132606074 -0.0031920414253762174 0.00017123361717585439 -0.0011273489307636452
leaf_weight=30 22 432 18 13.999999999999998 1138 191
leaf_count=30 22 432 18 14 1138 191
internal_value=0.000323799 -0.000110072 0.0142857 0.0181818 -0.000565291 -0.0037401
internal_weight=1845 1809 48 36 1761 623
internal_count=1845 1809 48 36 1761 623
is_linear=0
shrinkage=0.04


Tree=99
num_leaves=7
num_cat=1
split_feature=0 5 5 1 1 1
split_gain=7.62258 14.2931 7.3634 7.64502 6.5799 6.18353
threshold=0 5.9739515781402597 8.2926144599914569 7.7378315925598153 4.0517470836639413 5.0205800533294687
decision_type=9 2 2 2 2 2
left_child=1 -1 3 4 -2 -4
right_child=2 -3 5 -5 -6 -7
leaf_value=0.0020760915870385332 0.0029222260170383408 -0.0012553859843421834 0.0062732449513336523 0.0038785909471615201 -4.9498328277906011e-05 -0.00012015427288623926
leaf_weight=75 61 154 43 52 1443 17
leaf_count=75 61 154 43 52 1443 17
internal_value=0.000237453 -0.00631579 0.00122399 0.000664962 0.00010582 0.0141176
internal_weight=1845 229 1616 1556 1504 60
internal_count=1845 229 1616 1556 1504 60
cat_boundaries=0 1
cat_threshold=2057
is_linear=0
shrinkage=0.04


end of trees

feature_importances:
Column_5=193
Column_1=170
Column_4=86
Column_0=72
Column_3=42
Column_6=24
Column_2=13

parameters:
[boosting: gbdt]
[objective: regression_l1]
[metric: l1]
[tree_learner: serial]
[device_type: cpu]
[data_sample_strategy: bagging]
[data: ]
[valid: ]
[num_iterations: 100]
[learning_rate: 0.04]
[num_leaves: 7]
[num_threads: 2]
[seed: 42]
[deterministic: 0]
[force_col_wise: 0]
[force_row_wise: 0]
[histogram_pool_size: -1]
[max_depth: -1]
[min_data_in_leaf: 12]
[min_sum_hessian_in_leaf: 0.001]
[bagging_fraction: 1]
[pos_bagging_fraction: 1]
[neg_bagging_fraction: 1]
[bagging_freq: 0]
[bagging_seed: 400]
[bagging_by_query: 0]
[feature_fraction: 1]
[feature_fraction_bynode: 1]
[feature_fraction_seed: 30056]
[extra_trees: 0]
[extra_seed: 12879]
[early_stopping_round: 0]
[early_stopping_min_delta: 0]
[first_metric_only: 0]
[max_delta_step: 0]
[lambda_l1: 0]
[lambda_l2: 8]
[linear_lambda: 0]
[min_gain_to_split: 0]
[drop_rate: 0.1]
[max_drop: 50]
[skip_drop: 0.5]
[xgboost_dart_mode: 0]
[uniform_drop: 0]
[drop_seed: 17869]
[top_rate: 0.2]
[other_rate: 0.1]
[min_data_per_group: 100]
[max_cat_threshold: 32]
[cat_l2: 10]
[cat_smooth: 10]
[max_cat_to_onehot: 4]
[top_k: 20]
[monotone_constraints: ]
[monotone_constraints_method: basic]
[monotone_penalty: 0]
[feature_contri: ]
[forcedsplits_filename: ]
[refit_decay_rate: 0.9]
[cegb_tradeoff: 1]
[cegb_penalty_split: 0]
[cegb_penalty_feature_lazy: ]
[cegb_penalty_feature_coupled: ]
[path_smooth: 0]
[interaction_constraints: ]
[verbosity: -1]
[saved_feature_importance_type: 0]
[use_quantized_grad: 0]
[num_grad_quant_bins: 4]
[quant_train_renew_leaf: 0]
[stochastic_rounding: 1]
[linear_tree: 0]
[max_bin: 127]
[max_bin_by_feature: ]
[min_data_in_bin: 3]
[bin_construct_sample_cnt: 200000]
[data_random_seed: 175]
[is_enable_sparse: 1]
[enable_bundle: 1]
[use_missing: 1]
[zero_as_missing: 0]
[feature_pre_filter: 1]
[pre_partition: 0]
[two_round: 0]
[header: 0]
[label_column: ]
[weight_column: ]
[group_column: ]
[ignore_column: ]
[categorical_feature: 0]
[forcedbins_filename: ]
[precise_float_parser: 0]
[parser_config_file: ]
[objective_seed: 16083]
[num_class: 1]
[is_unbalance: 0]
[scale_pos_weight: 1]
[sigmoid: 1]
[boost_from_average: 1]
[reg_sqrt: 0]
[alpha: 0.9]
[fair_c: 1]
[poisson_max_delta_step: 0.7]
[tweedie_variance_power: 1.5]
[lambdarank_truncation_level: 30]
[lambdarank_norm: 1]
[label_gain: ]
[lambdarank_position_bias_regularization: 0]
[eval_at: ]
[multi_error_top_k: 1]
[auc_mu_weights: ]
[num_machines: 1]
[local_listen_port: 12400]
[time_out: 120]
[machine_list_filename: ]
[machines: ]
[gpu_platform_id: -1]
[gpu_device_id: -1]
[gpu_device_id_list: ]
[gpu_use_dp: 0]
[num_gpu: 1]

end of parameters

pandas_categorical:null
